0.001190185546875
0.00201416015625
0.00177001953125
0.0013427734375
0.00140380859375
0.001373291015625
0.00189208984375
0.001251220703125
0.001861572265625
0.00177001953125
0.002044677734375
0.0025634765625
0.001708984375
0.002471923828125
0.002044677734375
0.002593994140625
0.00177001953125
0.0020751953125
0.00250244140625
0.0023193359375
0.002655029296875
0.0023193359375
0.00238037109375
0.00213623046875
0.0020751953125
0.002532958984375
0.001861572265625
0.001373291015625
0.001617431640625
0.001556396484375
0.001190185546875
0.00177001953125
0.002105712890625
0.0013427734375
0.0013427734375
0.00140380859375
0.001983642578125
0.00128173828125
0.0018310546875
0.00177001953125
0.001953125
0.00274658203125
0.002410888671875
0.00213623046875
0.002471923828125
0.0028076171875
0.0015869140625
0.00201416015625
0.002349853515625
0.002471923828125
0.00238037109375
0.00225830078125
0.0025634765625
0.002197265625
0.001922607421875
0.002655029296875
0.001800537109375
0.00140380859375
0.001617431640625
0.001495361328125
0.00128173828125
0.001434326171875
0.001861572265625
0.0013427734375
0.00140380859375
0.001434326171875
0.00152587890625
0.0020751953125
0.001678466796875
0.001861572265625
0.0018310546875
0.002349853515625
0.002532958984375
0.001678466796875
0.002410888671875
0.002685546875
0.00164794921875
0.00244140625
0.0020751953125
0.00250244140625
0.002685546875
0.00164794921875
0.00238037109375
0.002197265625
0.001953125
0.00262451171875
0.002197265625
0.001190185546875
0.001678466796875
0.00152587890625
0.071563720703125
0.19891357421875
0.1900634765625
0.263397216796875
0.33489990234375
0.137969970703125
0.3551025390625
0.231658935546875
0.1875
0.471435546875
0.45379638671875
0.310821533203125
0.302276611328125
0.1339111328125
0.162384033203125
0.119537353515625
0.22125244140625
0.2021484375
0.30535888671875
0.137359619140625
0.191253662109375
0.103851318359375
0.121124267578125
0.079254150390625
0.45709228515625
0.326019287109375
0.189361572265625
0.321319580078125
0.222930908203125
0.21923828125
0.50421142578125
0.30804443359375
0.130584716796875
0.3880615234375
0.33990478515625
0.1324462890625
0.07464599609375
0.39105224609375
0.18896484375
0.091522216796875
0.0977783203125
0.147308349609375
0.085113525390625
0.05712890625
0.188720703125
0.1998291015625
0.127197265625
0.07391357421875
0.077728271484375
0.16082763671875
0.079986572265625
0.227935791015625
0.14422607421875
0.242950439453125
0.2813720703125
0.195281982421875
0.34906005859375
0.108062744140625
0.130126953125
0.132354736328125
0.114349365234375
0.1693115234375
0.06134033203125
0.245697021484375
0.168243408203125
0.141387939453125
0.26385498046875
0.11962890625
0.08758544921875
0.343597412109375
0.25860595703125
0.1513671875
0.116058349609375
0.070098876953125
0.086334228515625
0.087615966796875
0.0040283203125
0.080108642578125
0.04559326171875
0.0926513671875
0.0074462890625
0.00299072265625
0.0679931640625
0.0440673828125
0.04754638671875
0.089447021484375
0.300262451171875
0.129547119140625
0.120574951171875
0.76654052734375
0.141937255859375
0.05047607421875
0.044525146484375
0.09942626953125
0.072296142578125
0.056396484375
0.010009765625
0.00238037109375
0.013824462890625
0.046661376953125
0.04461669921875
0.0057373046875
0.00250244140625
0.00238037109375
0.05816650390625
0.130279541015625
0.082916259765625
0.023773193359375
0.002532958984375
0.062896728515625
0.066253662109375
0.05145263671875
0.063873291015625
0.04852294921875
0.002288818359375
0.07891845703125
0.024322509765625
0.00408935546875
0.127532958984375
0.101409912109375
0.058685302734375
0.100738525390625
0.398406982421875
0.124481201171875
0.09185791015625
0.0843505859375
0.0648193359375
0.17919921875
0.09967041015625
0.10205078125
0.088714599609375
0.1783447265625
0.09075927734375
0.143402099609375
0.151641845703125
0.155303955078125
0.28314208984375
0.180755615234375
0.08721923828125
0.060943603515625
0.056304931640625
0.0655517578125
0.17449951171875
0.165679931640625
0.199615478515625
0.13641357421875
0.16986083984375
0.090728759765625
0.00604248046875
0.00262451171875
0.00238037109375
0.12530517578125
0.123382568359375
0.2021484375
0.134796142578125
0.415435791015625
0.110748291015625
0.1507568359375
0.106658935546875
0.139312744140625
0.407684326171875
0.1856689453125
0.220855712890625
0.08489990234375
0.00408935546875
0.058868408203125
0.16143798828125
0.223297119140625
0.118194580078125
0.050537109375
0.095672607421875
0.095245361328125
0.30694580078125
0.264495849609375
0.2330322265625
0.17205810546875
0.124267578125
0.29931640625
0.08758544921875
0.151275634765625
0.101348876953125
0.106781005859375
0.050079345703125
0.182830810546875
0.5240478515625
0.317047119140625
0.25958251953125
0.060211181640625
0.043609619140625
0.151641845703125
0.11492919921875
0.09576416015625
0.050262451171875
0.266357421875
0.026031494140625
0.16107177734375
0.464813232421875
0.165679931640625
0.308349609375
0.144500732421875
0.007415771484375
0.246795654296875
0.37127685546875
0.43841552734375
0.396453857421875
0.0625
0.3095703125
0.17681884765625
0.108489990234375
0.139556884765625
0.184295654296875
0.182098388671875
0.01043701171875
0.069732666015625
0.069915771484375
0.23175048828125
0.1126708984375
0.072601318359375
0.137786865234375
0.1595458984375
0.172607421875
0.385894775390625
0.21630859375
0.263031005859375
0.18896484375
0.354034423828125
0.07098388671875
0.002532958984375
0.20989990234375
0.21173095703125
0.001861572265625
0.47369384765625
0.521209716796875
0.36700439453125
0.145751953125
0.050537109375
0.08245849609375
0.00189208984375
0.04779052734375
0.055572509765625
0.1099853515625
0.11553955078125
0.04742431640625
0.026611328125
0.004974365234375
0.003753662109375
0.424346923828125
0.187835693359375
0.129486083984375
0.4136962890625
0.15850830078125
0.10260009765625
0.159210205078125
0.097320556640625
0.122222900390625
0.006195068359375
0.3602294921875
0.07855224609375
0.0655517578125
0.55926513671875
0.225616455078125
0.005645751953125
0.00604248046875
0.076080322265625
0.09527587890625
0.063385009765625
0.011810302734375
0.14501953125
0.1038818359375
0.144927978515625
0.046539306640625
0.05914306640625
0.20416259765625
0.26385498046875
0.266082763671875
0.26214599609375
0.02398681640625
0.1119384765625
0.031341552734375
0.074615478515625
0.140289306640625
0.096771240234375
0.3173828125
0.24945068359375
0.1920166015625
0.12615966796875
0.134521484375
0.12677001953125
0.064910888671875
0.050750732421875
0.004302978515625
0.002227783203125
0.096099853515625
0.31451416015625
0.172332763671875
0.209625244140625
0.12646484375
0.081146240234375
0.091156005859375
0.05450439453125
0.08453369140625
0.13720703125
0.0648193359375
0.040191650390625
0.022857666015625
0.273529052734375
0.098907470703125
0.003082275390625
0.04339599609375
0.091796875
0.00244140625
0.355438232421875
0.177490234375
0.217041015625
0.186859130859375
0.130462646484375
0.27874755859375
0.0057373046875
0.1854248046875
0.08465576171875
0.102935791015625
0.134429931640625
0.10418701171875
0.149810791015625
0.06317138671875
0.141387939453125
0.059967041015625
0.05938720703125
0.0478515625
0.08172607421875
0.149749755859375
0.14825439453125
0.3887939453125
0.126800537109375
0.113616943359375
0.10687255859375
0.062408447265625
0.05377197265625
0.29730224609375
0.140228271484375
0.256591796875
0.216094970703125
0.115020751953125
0.093353271484375
0.067108154296875
0.2576904296875
0.20318603515625
0.0577392578125
0.083709716796875
0.342864990234375
0.059661865234375
0.172119140625
0.301544189453125
0.133026123046875
0.00811767578125
0.100982666015625
0.03399658203125
0.0640869140625
0.071014404296875
0.049835205078125
0.073883056640625
0.08404541015625
0.59661865234375
0.538543701171875
0.48272705078125
0.096221923828125
0.07464599609375
0.068817138671875
0.038604736328125
0.056610107421875
0.1187744140625
0.141693115234375
0.088043212890625
0.12371826171875
0.015350341796875
0.005157470703125
0.081878662109375
0.089752197265625
0.06402587890625
0.06597900390625
0.123077392578125
0.194061279296875
0.092987060546875
0.143157958984375
0.367156982421875
0.253326416015625
0.0594482421875
0.024749755859375
0.052490234375
0.697845458984375
0.344390869140625
0.454620361328125
0.141204833984375
0.22198486328125
0.391448974609375
0.193115234375
0.151458740234375
0.147216796875
0.144287109375
0.110382080078125
0.054046630859375
0.093475341796875
0.087615966796875
0.28521728515625
0.11199951171875
0.102264404296875
0.047637939453125
0.150604248046875
0.02203369140625
0.078857421875
0.044708251953125
0.246307373046875
0.1251220703125
0.051055908203125
0.075164794921875
0.094390869140625
0.082183837890625
0.027191162109375
0.0194091796875
0.081878662109375
0.07977294921875
0.04412841796875
0.05322265625
0.12579345703125
0.259033203125
0.3330078125
0.236480712890625
0.56146240234375
0.22723388671875
0.139434814453125
0.117523193359375
0.079376220703125
0.102264404296875
0.06280517578125
0.09466552734375
0.354248046875
0.110504150390625
0.0538330078125
0.06695556640625
0.06964111328125
0.11273193359375
0.396392822265625
0.1126708984375
0.117523193359375
0.084381103515625
0.076690673828125
0.138916015625
0.127593994140625
0.046356201171875
0.072540283203125
0.135772705078125
0.1258544921875
0.20989990234375
0.083984375
0.03594970703125
0.14007568359375
0.147125244140625
0.08587646484375
0.06884765625
0.029083251953125
0.053192138671875
0.323577880859375
0.256744384765625
0.116241455078125
0.060791015625
0.059722900390625
0.297882080078125
0.204254150390625
0.31256103515625
0.11431884765625
0.119384765625
0.14788818359375
0.267578125
0.125946044921875
0.072662353515625
0.07733154296875
0.07928466796875
0.08905029296875
0.090240478515625
0.10321044921875
0.10308837890625
0.091400146484375
0.239715576171875
0.068206787109375
0.062835693359375
0.102020263671875
0.224151611328125
0.152008056640625
0.081634521484375
0.142791748046875
0.15838623046875
0.090606689453125
0.03839111328125
0.036651611328125
0.06689453125
0.079833984375
0.228973388671875
0.12371826171875
0.080413818359375
0.34222412109375
0.08416748046875
0.097503662109375
0.059661865234375
0.06591796875
0.105743408203125
0.07794189453125
0.01849365234375
0.24639892578125
0.191314697265625
0.06585693359375
0.235107421875
0.12188720703125
0.22467041015625
0.135009765625
0.277313232421875
0.3282470703125
0.1007080078125
0.1163330078125
0.22149658203125
0.11932373046875
0.1097412109375
0.30841064453125
0.0968017578125
0.2073974609375
0.1363525390625
0.169921875
0.16241455078125
0.0440673828125
0.0535888671875
0.13079833984375
0.303497314453125
0.27490234375
0.11859130859375
0.555450439453125
0.376068115234375
0.398345947265625
0.117401123046875
0.1448974609375
0.077117919921875
0.07037353515625
0.0645751953125
0.0020751953125
0.095062255859375
0.176666259765625
0.15277099609375
0.067596435546875
0.068206787109375
0.129241943359375
0.203460693359375
0.05938720703125
0.018829345703125
0.0859375
0.105072021484375
0.073394775390625
0.06219482421875
0.07745361328125
0.05731201171875
0.10882568359375
0.20355224609375
0.158233642578125
0.1297607421875
0.069854736328125
0.054046630859375
0.196258544921875
0.065643310546875
0.12371826171875
0.10345458984375
0.050079345703125
0.0584716796875
0.055511474609375
0.00567626953125
0.10369873046875
0.1220703125
0.112640380859375
0.195404052734375
0.1087646484375
0.16485595703125
0.07623291015625
0.20269775390625
0.080841064453125
0.095489501953125
0.079833984375
0.152191162109375
0.095916748046875
0.072296142578125
0.144622802734375
0.110626220703125
0.03558349609375
0.04339599609375
0.017852783203125
0.4080810546875
0.134063720703125
0.20892333984375
0.10931396484375
0.033538818359375
0.086181640625
0.124420166015625
0.045166015625
0.035888671875
0.002685546875
0.2109375
0.221435546875
0.063385009765625
0.074432373046875
0.206085205078125
0.0771484375
0.077911376953125
0.263946533203125
0.055877685546875
0.002685546875
0.07293701171875
0.051971435546875
0.064788818359375
0.09674072265625
0.03936767578125
0.03045654296875
0.258453369140625
0.11065673828125
0.04571533203125
0.074798583984375
0.281097412109375
0.305908203125
0.168212890625
0.193878173828125
0.204315185546875
0.199676513671875
0.29742431640625
0.1341552734375
0.05987548828125
0.15142822265625
0.20037841796875
0.2032470703125
0.069000244140625
0.283050537109375
0.19110107421875
0.160980224609375
0.153106689453125
0.157684326171875
0.28472900390625
0.095916748046875
0.0751953125
0.130767822265625
0.073486328125
0.08258056640625
0.07183837890625
0.075042724609375
0.272979736328125
0.07086181640625
0.168121337890625
0.095001220703125
0.101806640625
0.08148193359375
0.12188720703125
0.08953857421875
0.072479248046875
0.10296630859375
0.047149658203125
0.083160400390625
0.06341552734375
0.0714111328125
0.04876708984375
0.06158447265625
0.12115478515625
0.186187744140625
0.3580322265625
0.373992919921875
0.226470947265625
0.007171630859375
0.217437744140625
0.1385498046875
0.0850830078125
0.062103271484375
0.104034423828125
0.244720458984375
0.1951904296875
0.0023193359375
0.00872802734375
0.095062255859375
0.0120849609375
0.21319580078125
0.162200927734375
0.03125
0.09637451171875
0.1031494140625
0.006622314453125
0.20709228515625
0.212677001953125
0.071624755859375
0.009002685546875
0.00860595703125
0.0107421875
0.01629638671875
0.081787109375
0.167236328125
0.081634521484375
0.260986328125
0.1170654296875
0.23284912109375
0.081451416015625
0.06439208984375
0.2401123046875
0.223785400390625
0.176239013671875
0.09686279296875
0.1251220703125
0.10418701171875
0.125396728515625
0.12725830078125
0.085235595703125
0.087921142578125
0.226898193359375
0.068023681640625
0.05291748046875
0.11309814453125
0.140106201171875
0.1978759765625
0.070526123046875
0.2791748046875
0.211822509765625
0.14605712890625
0.278045654296875
0.072265625
0.082733154296875
0.1644287109375
0.0762939453125
0.03662109375
0.075469970703125
0.184722900390625
0.289398193359375
0.26654052734375
0.06890869140625
0.101593017578125
0.071533203125
0.100067138671875
0.176910400390625
0.105682373046875
0.16595458984375
0.195465087890625
0.32366943359375
0.158050537109375
0.29742431640625
0.06414794921875
0.1807861328125
0.011077880859375
0.009063720703125
0.281402587890625
0.225128173828125
0.313385009765625
0.201080322265625
0.002349853515625
0.005828857421875
0.005462646484375
0.093658447265625
0.230377197265625
0.26263427734375
0.1007080078125
0.085968017578125
0.090423583984375
0.002685546875
0.062530517578125
0.076141357421875
0.061492919921875
0.0322265625
0.00250244140625
0.08599853515625
0.169952392578125
0.009124755859375
0.10205078125
0.28363037109375
0.348297119140625
0.005096435546875
0.0093994140625
0.05047607421875
0.152374267578125
0.248291015625
0.535064697265625
0.081390380859375
0.011993408203125
0.045745849609375
0.103912353515625
0.142364501953125
0.01141357421875
0.08380126953125
0.0628662109375
0.074951171875
0.017730712890625
0.040252685546875
0.0467529296875
0.008636474609375
0.0045166015625
0.06683349609375
0.085357666015625
0.150604248046875
0.27691650390625
0.359100341796875
0.25421142578125
0.23974609375
0.267913818359375
0.292816162109375
0.231475830078125
0.07763671875
0.063079833984375
0.163726806640625
0.1563720703125
0.101043701171875
0.0657958984375
0.077972412109375
0.076019287109375
0.479705810546875
0.176239013671875
0.117156982421875
0.044677734375
0.270233154296875
0.06842041015625
0.06756591796875
0.0084228515625
0.064239501953125
0.11224365234375
0.088836669921875
0.06439208984375
0.055694580078125
0.057861328125
0.051788330078125
0.035247802734375
0.04901123046875
0.0445556640625
0.02130126953125
0.1241455078125
0.271942138671875
0.0936279296875
0.27459716796875
0.19049072265625
0.038543701171875
0.090057373046875
0.071197509765625
0.00225830078125
0.01397705078125
0.017425537109375
0.03497314453125
0.2086181640625
0.228790283203125
0.04498291015625
0.157012939453125
0.208648681640625
0.1676025390625
0.02056884765625
0.092559814453125
0.138946533203125
0.1055908203125
0.0162353515625
0.092254638671875
0.218475341796875
0.127044677734375
0.025634765625
0.1553955078125
0.153167724609375
0.093780517578125
0.023101806640625
0.193511962890625
0.15020751953125
0.021270751953125
0.011138916015625
0.101806640625
0.147216796875
0.8167724609375
0.306427001953125
0.15692138671875
0.066436767578125
0.16094970703125
0.15631103515625
0.132843017578125
0.055145263671875
0.00469970703125
0.119354248046875
0.1129150390625
0.0306396484375
0.054656982421875
0.052093505859375
0.04180908203125
0.04925537109375
0.04913330078125
0.163360595703125
0.10528564453125
0.186279296875
0.224609375
0.13958740234375
0.734771728515625
0.2452392578125
0.180755615234375
0.088470458984375
0.15203857421875
0.043365478515625
0.103515625
0.079742431640625
0.00390625
0.051116943359375
0.05401611328125
0.0535888671875
0.1107177734375
0.099029541015625
0.056640625
0.090240478515625
0.18017578125
0.2379150390625
0.2779541015625
0.4090576171875
0.084442138671875
0.1199951171875
0.174285888671875
0.162109375
0.406005859375
0.10986328125
0.22894287109375
0.148040771484375
0.074554443359375
0.15679931640625
0.1317138671875
0.328460693359375
0.039886474609375
0.34417724609375
0.049530029296875
0.03741455078125
0.049774169921875
0.0040283203125
0.097442626953125
0.13812255859375
0.082366943359375
0.073577880859375
0.057891845703125
0.120819091796875
0.087432861328125
0.041412353515625
0.044342041015625
0.07275390625
0.005767822265625
0.037384033203125
0.1744384765625
0.0670166015625
0.030120849609375
0.18487548828125
0.09271240234375
0.44647216796875
0.31658935546875
0.187469482421875
0.237762451171875
0.221527099609375
0.091217041015625
0.0257568359375
0.422271728515625
0.38922119140625
0.449493408203125
0.315277099609375
0.34820556640625
0.135589599609375
0.040802001953125
0.09857177734375
0.09405517578125
0.315826416015625
0.1181640625
0.081329345703125
0.083526611328125
0.042572021484375
0.06951904296875
0.023681640625
0.00238037109375
0.013671875
0.083343505859375
0.063507080078125
0.14422607421875
0.097808837890625
0.194366455078125
0.3433837890625
0.135650634765625
0.149169921875
0.05902099609375
0.227996826171875
0.105316162109375
0.065216064453125
0.085052490234375
0.069122314453125
0.260162353515625
0.41253662109375
0.060302734375
0.092132568359375
0.353424072265625
0.231109619140625
0.16705322265625
0.368927001953125
0.22747802734375
0.221710205078125
0.5936279296875
0.23345947265625
0.23577880859375
0.0836181640625
0.243408203125
0.204132080078125
0.128173828125
0.094390869140625
0.243499755859375
0.11138916015625
0.017974853515625
0.072235107421875
0.15631103515625
0.100799560546875
0.062225341796875
0.047332763671875
0.026641845703125
0.20086669921875
0.11187744140625
0.1353759765625
0.36175537109375
0.15435791015625
0.178924560546875
0.022369384765625
0.150665283203125
0.010467529296875
0.476104736328125
0.24139404296875
0.119232177734375
0.153533935546875
0.132843017578125
0.0782470703125
0.07440185546875
0.114288330078125
0.03387451171875
0.16754150390625
0.1536865234375
0.0499267578125
0.474639892578125
0.388336181640625
0.13311767578125
0.111968994140625
0.09881591796875
0.183837890625
0.060272216796875
0.09454345703125
0.198333740234375
0.204345703125
0.056732177734375
0.099945068359375
0.056365966796875
0.018646240234375
0.0634765625
0.116668701171875
0.05535888671875
0.004730224609375
0.09722900390625
0.071319580078125
0.053253173828125
0.088775634765625
0.16705322265625
0.113189697265625
0.143951416015625
0.110382080078125
0.26251220703125
0.11505126953125
0.145965576171875
0.045379638671875
0.065582275390625
0.10003662109375
0.105621337890625
0.101776123046875
0.10589599609375
0.115753173828125
0.125518798828125
0.26348876953125
0.07122802734375
0.078033447265625
0.098052978515625
0.039825439453125
0.010986328125
0.11065673828125
0.067474365234375
0.1444091796875
0.034637451171875
0.156280517578125
0.05975341796875
0.1060791015625
0.299041748046875
0.14031982421875
0.260467529296875
0.071502685546875
0.06903076171875
0.013916015625
0.004608154296875
0.19342041015625
0.098236083984375
0.086944580078125
0.05023193359375
0.13018798828125
0.16748046875
0.071807861328125
0.1124267578125
0.350128173828125
0.074981689453125
0.126922607421875
0.092620849609375
0.36102294921875
0.134552001953125
0.1561279296875
0.114288330078125
0.07110595703125
0.099029541015625
0.055206298828125
0.24615478515625
0.120819091796875
0.170257568359375
0.046722412109375
0.180023193359375
0.1268310546875
0.093841552734375
0.068359375
0.118682861328125
0.07183837890625
0.059112548828125
0.077484130859375
0.106689453125
0.14599609375
0.196136474609375
0.06475830078125
0.080352783203125
0.0460205078125
0.066741943359375
0.07525634765625
0.2127685546875
0.04937744140625
0.193359375
0.100738525390625
0.29071044921875
0.33905029296875
0.3309326171875
0.188873291015625
0.203033447265625
0.00299072265625
0.1376953125
0.119293212890625
0.165985107421875
0.1888427734375
0.100921630859375
0.290924072265625
0.131622314453125
0.0733642578125
0.104888916015625
0.209259033203125
0.101470947265625
0.2694091796875
0.176055908203125
0.08306884765625
0.0511474609375
0.081298828125
0.050384521484375
0.115081787109375
0.10302734375
0.093780517578125
0.21490478515625
0.08917236328125
0.07366943359375
0.128326416015625
0.11151123046875
0.145843505859375
0.318084716796875
0.165863037109375
0.094573974609375
0.134918212890625
0.047943115234375
0.094451904296875
0.091400146484375
0.173492431640625
0.219390869140625
0.1954345703125
0.125518798828125
0.136260986328125
0.027069091796875
0.09088134765625
0.061309814453125
0.055084228515625
0.088470458984375
0.07568359375
0.0865478515625
0.097381591796875
0.052093505859375
0.040191650390625
0.292755126953125
0.1884765625
0.211029052734375
0.18572998046875
0.164306640625
0.26702880859375
0.052276611328125
0.044097900390625
0.05938720703125
0.102142333984375
0.140869140625
0.037567138671875
0.110687255859375
0.13031005859375
0.0318603515625
0.192657470703125
0.24127197265625
0.064849853515625
0.503387451171875
0.159881591796875
0.156158447265625
0.503814697265625
0.263885498046875
0.23345947265625
0.310394287109375
0.451904296875
0.327880859375
0.4476318359375
0.191314697265625
0.088836669921875
0.099365234375
0.1375732421875
0.173187255859375
0.08819580078125
0.640289306640625
0.685760498046875
0.3017578125
0.324310302734375
0.129974365234375
0.214752197265625
0.133453369140625
0.16937255859375
0.17816162109375
0.18597412109375
0.291351318359375
0.147125244140625
0.179290771484375
0.3055419921875
0.256744384765625
0.568878173828125
0.378387451171875
0.018402099609375
0.623016357421875
0.078826904296875
0.263641357421875
0.138153076171875
0.079803466796875
0.061553955078125
0.133270263671875
0.5185546875
0.06768798828125
0.040496826171875
0.428497314453125
0.023406982421875
0.050018310546875
0.20733642578125
0.070068359375
0.10980224609375
0.11431884765625
0.109832763671875
0.065826416015625
0.206024169921875
0.229949951171875
0.37957763671875
0.363555908203125
0.510009765625
0.25848388671875
0.12481689453125
0.378326416015625
0.136444091796875
0.085205078125
0.287628173828125
0.28948974609375
0.27618408203125
0.352203369140625
0.431182861328125
0.206451416015625
0.1375732421875
0.420806884765625
0.13031005859375
0.2685546875
0.317596435546875
0.309356689453125
0.323486328125
0.113250732421875
0.187164306640625
0.181549072265625
0.198944091796875
0.1097412109375
0.103973388671875
0.249755859375
0.164398193359375
0.192413330078125
0.2933349609375
0.442657470703125
0.144805908203125
0.0599365234375
0.072906494140625
0.08197021484375
0.08038330078125
0.01971435546875
0.05877685546875
0.15618896484375
0.141998291015625
0.126007080078125
0.149078369140625
0.08599853515625
0.015228271484375
0.08831787109375
0.248809814453125
0.064453125
0.05389404296875
0.240081787109375
0.119964599609375
0.099334716796875
0.0384521484375
0.063385009765625
0.029266357421875
0.096771240234375
0.070068359375
0.2547607421875
0.21246337890625
0.07855224609375
0.05682373046875
0.006805419921875
0.00396728515625
0.002105712890625
0.002593994140625
0.119384765625
0.06646728515625
0.036285400390625
0.089874267578125
0.127532958984375
0.287384033203125
0.16534423828125
0.44683837890625
0.18487548828125
0.02081298828125
0.553955078125
0.395599365234375
0.400421142578125
0.474456787109375
0.122711181640625
0.121826171875
0.619140625
0.15087890625
0.04534912109375
0.205230712890625
0.178924560546875
0.124755859375
0.097015380859375
0.155029296875
0.062652587890625
0.0509033203125
0.118988037109375
0.062652587890625
0.01458740234375
0.395721435546875
0.045867919921875
0.275238037109375
0.177215576171875
0.076080322265625
0.0439453125
0.035003662109375
0.12432861328125
0.108367919921875
0.247711181640625
0.091033935546875
0.136749267578125
0.169921875
0.4395751953125
0.02996826171875
0.1182861328125
0.035614013671875
0.027801513671875
0.073699951171875
0.054412841796875
0.051483154296875
0.01904296875
0.019378662109375
0.303924560546875
0.12664794921875
0.080963134765625
0.374267578125
0.132415771484375
0.031768798828125
0.045440673828125
0.15478515625
0.092529296875
0.040740966796875
0.048187255859375
0.0247802734375
0.099853515625
0.0972900390625
0.077667236328125
0.02996826171875
0.131256103515625
0.159759521484375
0.181427001953125
0.44012451171875
0.179779052734375
0.148345947265625
0.083892822265625
0.070770263671875
0.0999755859375
0.034454345703125
0.05224609375
0.37646484375
0.316802978515625
0.134429931640625
0.389007568359375
0.5411376953125
0.224395751953125
0.370941162109375
0.0933837890625
0.0947265625
0.121917724609375
0.0762939453125
0.02301025390625
0.005035400390625
0.049835205078125
0.062530517578125
0.004791259765625
0.02349853515625
0.149566650390625
0.11865234375
0.070648193359375
0.037841796875
0.04791259765625
0.120025634765625
0.05999755859375
0.071319580078125
0.005859375
0.084075927734375
0.08673095703125
0.002349853515625
0.021453857421875
0.234405517578125
0.29876708984375
0.0592041015625
0.033843994140625
0.123870849609375
0.113433837890625
0.07293701171875
0.090789794921875
0.0582275390625
0.091796875
0.039215087890625
0.151641845703125
0.18316650390625
0.13861083984375
0.158721923828125
0.106109619140625
0.07733154296875
0.092376708984375
0.115570068359375
0.030426025390625
0.052276611328125
0.003692626953125
0.0164794921875
0.020477294921875
0.0096435546875
0.044158935546875
0.063018798828125
0.170318603515625
0.166351318359375
0.16461181640625
0.413787841796875
0.0897216796875
0.513153076171875
0.303924560546875
0.354888916015625
0.27667236328125
0.166717529296875
0.045654296875
0.310211181640625
0.165008544921875
0.096282958984375
0.255218505859375
0.156036376953125
0.30560302734375
0.16180419921875
0.098114013671875
0.17242431640625
0.208648681640625
0.084564208984375
0.176849365234375
0.1923828125
0.004547119140625
0.112701416015625
0.060516357421875
0.034332275390625
0.04217529296875
0.031585693359375
0.072357177734375
0.031951904296875
0.060882568359375
0.0460205078125
0.030303955078125
0.013397216796875
0.127777099609375
0.039764404296875
0.035980224609375
0.007965087890625
0.0068359375
0.053863525390625
0.00732421875
0.008026123046875
0.27532958984375
0.23333740234375
0.085418701171875
0.113433837890625
0.130889892578125
0.06866455078125
0.143524169921875
0.0673828125
0.055084228515625
0.219512939453125
0.143890380859375
0.36376953125
0.13116455078125
0.127288818359375
0.091217041015625
0.229034423828125
0.120758056640625
0.067535400390625
0.03558349609375
0.01568603515625
0.092681884765625
0.227386474609375
0.0635986328125
0.109405517578125
0.110321044921875
0.1683349609375
0.15496826171875
0.311248779296875
0.06878662109375
0.080169677734375
0.06396484375
0.071075439453125
0.283447265625
0.093902587890625
0.084259033203125
0.20745849609375
0.092041015625
0.05377197265625
0.071685791015625
0.158355712890625
0.135284423828125
0.1517333984375
0.062957763671875
0.073394775390625
0.12701416015625
0.045806884765625
0.334259033203125
0.095306396484375
0.01763916015625
0.14056396484375
0.009857177734375
0.0645751953125
0.411468505859375
0.202392578125
0.02410888671875
0.103546142578125
0.118927001953125
0.11505126953125
0.084747314453125
0.048583984375
0.046630859375
0.106414794921875
0.26165771484375
0.280426025390625
0.350982666015625
0.118133544921875
0.184844970703125
0.24224853515625
0.14532470703125
0.149566650390625
0.112762451171875
0.055419921875
0.3194580078125
0.1121826171875
0.10504150390625
0.07733154296875
0.0914306640625
0.12200927734375
0.422576904296875
0.17669677734375
0.205841064453125
0.103363037109375
0.15032958984375
0.147857666015625
0.132904052734375
0.191162109375
0.175323486328125
0.0057373046875
0.00244140625
0.274139404296875
0.14306640625
0.153778076171875
0.20867919921875
0.047454833984375
0.10552978515625
0.13330078125
0.083984375
0.00518798828125
0.002166748046875
0.205963134765625
0.33880615234375
0.287109375
0.003997802734375
0.010986328125
0.360443115234375
0.33563232421875
0.42962646484375
0.260345458984375
0.1409912109375
0.213043212890625
0.34185791015625
0.079803466796875
0.109161376953125
0.024200439453125
0.22174072265625
0.1055908203125
0.2000732421875
0.002593994140625
0.26123046875
0.237701416015625
0.092742919921875
0.002685546875
0.027801513671875
0.1627197265625
0.16278076171875
0.286834716796875
0.1702880859375
0.10076904296875
0.05670166015625
0.11004638671875
0.2060546875
0.0809326171875
0.00225830078125
0.002288818359375
0.066558837890625
0.090087890625
0.003173828125
0.37261962890625
0.211395263671875
0.4263916015625
0.177093505859375
0.12957763671875
0.300811767578125
0.2523193359375
0.153350830078125
0.19244384765625
0.17724609375
0.148101806640625
0.09759521484375
0.12286376953125
0.153778076171875
0.0548095703125
0.05389404296875
0.0855712890625
0.066070556640625
0.12091064453125
0.00830078125
0.0076904296875
0.0977783203125
0.042388916015625
0.012451171875
0.1439208984375
0.132720947265625
0.14813232421875
0.130950927734375
0.064971923828125
0.002685546875
0.002227783203125
0.12615966796875
0.064788818359375
0.0155029296875
0.006439208984375
0.18145751953125
0.089691162109375
0.002197265625
0.115203857421875
0.002227783203125
0.212371826171875
0.1463623046875
0.1214599609375
0.002349853515625
0.001983642578125
0.12530517578125
0.080291748046875
0.014678955078125
0.07257080078125
0.174713134765625
0.08489990234375
0.08319091796875
0.024566650390625
0.00701904296875
0.01324462890625
0.003509521484375
0.158905029296875
0.06927490234375
0.0947265625
0.08746337890625
0.09649658203125
0.02655029296875
0.01312255859375
0.02545166015625
0.090179443359375
0.1483154296875
0.085693359375
0.061248779296875
0.0023193359375
0.008209228515625
0.01873779296875
0.15826416015625
0.001708984375
0.04095458984375
0.050018310546875
0.004364013671875
0.06915283203125
0.0159912109375
0.112457275390625
0.089385986328125
0.092987060546875
0.171783447265625
0.14239501953125
0.051055908203125
0.087158203125
0.066986083984375
0.11407470703125
0.070281982421875
0.059295654296875
0.112457275390625
0.097015380859375
0.202850341796875
0.10711669921875
0.05450439453125
0.200347900390625
0.229705810546875
0.187591552734375
0.063201904296875
0.099945068359375
0.103729248046875
0.011260986328125
0.003936767578125
0.005157470703125
0.08233642578125
0.080230712890625
0.026702880859375
0.06829833984375
0.049285888671875
0.0028076171875
0.263336181640625
0.044708251953125
0.108734130859375
0.06976318359375
0.019378662109375
0.053436279296875
0.0931396484375
0.063690185546875
0.44354248046875
0.377655029296875
0.450714111328125
0.2197265625
0.13824462890625
0.175994873046875
0.006866455078125
0.515045166015625
0.242828369140625
0.033447265625
0.274017333984375
0.22808837890625
0.084869384765625
0.171600341796875
0.164642333984375
0.00482177734375
0.13641357421875
0.10321044921875
0.042388916015625
0.033416748046875
0.00848388671875
0.09954833984375
0.14129638671875
0.1324462890625
0.006591796875
0.04656982421875
0.056396484375
0.12127685546875
0.21881103515625
0.078643798828125
0.177734375
0.03216552734375
0.023040771484375
0.12701416015625
0.194976806640625
0.080810546875
0.098846435546875
0.2239990234375
0.031585693359375
0.07952880859375
0.322479248046875
0.31195068359375
0.1297607421875
0.281280517578125
0.244293212890625
0.161773681640625
0.103790283203125
0.060455322265625
0.0350341796875
0.05499267578125
0.01214599609375
0.006805419921875
0.018585205078125
0.066497802734375
0.040435791015625
0.036041259765625
0.05926513671875
0.0618896484375
0.013671875
0.095733642578125
0.076751708984375
0.09808349609375
0.08648681640625
0.0361328125
0.04608154296875
0.04510498046875
0.041229248046875
0.004791259765625
0.002227783203125
0.064178466796875
0.06988525390625
0.04052734375
0.35760498046875
0.11602783203125
0.003082275390625
0.08807373046875
0.055755615234375
0.174407958984375
0.25848388671875
0.03460693359375
0.080657958984375
0.2447509765625
0.161895751953125
0.61846923828125
0.35186767578125
0.441741943359375
0.260589599609375
0.046539306640625
0.397186279296875
0.079345703125
0.14471435546875
0.1826171875
0.023590087890625
0.05487060546875
0.05718994140625
0.0616455078125
0.173858642578125
0.44464111328125
0.50286865234375
0.082183837890625
0.063629150390625
0.189300537109375
0.078765869140625
0.107574462890625
0.118072509765625
0.113128662109375
0.143157958984375
0.05816650390625
0.029449462890625
0.097259521484375
0.0531005859375
0.06890869140625
0.042266845703125
0.18865966796875
0.458099365234375
0.20269775390625
0.074493408203125
0.035614013671875
0.115142822265625
0.44683837890625
0.303802490234375
0.091217041015625
0.215087890625
0.091552734375
0.08929443359375
0.063690185546875
0.077423095703125
0.097900390625
0.108489990234375
0.103668212890625
0.25921630859375
0.27734375
0.100433349609375
0.12811279296875
0.28155517578125
0.0770263671875
0.19659423828125
0.072906494140625
0.067840576171875
0.06536865234375
0.178436279296875
0.07806396484375
0.101165771484375
0.09649658203125
0.081207275390625
0.0506591796875
0.362213134765625
0.17633056640625
0.19573974609375
0.1640625
0.23138427734375
0.089813232421875
0.0609130859375
0.061981201171875
0.07781982421875
0.09783935546875
0.178558349609375
0.118988037109375
0.046844482421875
0.153839111328125
0.068328857421875
0.067840576171875
0.04754638671875
0.0413818359375
0.009765625
0.064971923828125
0.06756591796875
0.0709228515625
0.1343994140625
0.095306396484375
0.026947021484375
0.029998779296875
0.014312744140625
0.134002685546875
0.00604248046875
0.042755126953125
0.06903076171875
0.08056640625
0.118133544921875
0.089813232421875
0.057586669921875
0.157928466796875
0.132781982421875
0.133697509765625
0.1241455078125
0.069671630859375
0.0477294921875
0.006103515625
0.13555908203125
0.07098388671875
0.02069091796875
0.004852294921875
0.03155517578125
0.06793212890625
0.142547607421875
0.059722900390625
0.11798095703125
0.0391845703125
0.197174072265625
0.034027099609375
0.096160888671875
0.26739501953125
0.002105712890625
0.007415771484375
0.17486572265625
0.2362060546875
0.0382080078125
0.023284912109375
0.12139892578125
0.125
0.06707763671875
0.17498779296875
0.060302734375
0.077880859375
0.03216552734375
0.43255615234375
0.039306640625
0.165771484375
0.169677734375
0.070281982421875
0.166168212890625
0.154052734375
0.16876220703125
0.027069091796875
0.079254150390625
0.079498291015625
0.118316650390625
0.023406982421875
0.154998779296875
0.08575439453125
0.134246826171875
0.1494140625
0.024383544921875
0.09515380859375
0.007781982421875
0.00299072265625
0.069610595703125
0.052215576171875
0.166107177734375
0.17388916015625
0.151763916015625
0.296478271484375
0.132232666015625
0.1624755859375
0.074066162109375
0.047821044921875
0.087554931640625
0.1038818359375
0.08953857421875
0.17120361328125
0.090484619140625
0.002197265625
0.024749755859375
0.031036376953125
0.25750732421875
0.05364990234375
0.411956787109375
0.178924560546875
0.176177978515625
0.247100830078125
0.003692626953125
0.074005126953125
0.135833740234375
0.031890869140625
0.08880615234375
0.03302001953125
0.042877197265625
0.112579345703125
0.647003173828125
0.1634521484375
0.1229248046875
0.251129150390625
0.2923583984375
0.32952880859375
0.482208251953125
0.33453369140625
0.382293701171875
0.188934326171875
0.21563720703125
0.1856689453125
0.080322265625
0.10699462890625
0.2530517578125
0.201934814453125
0.219512939453125
0.18182373046875
0.16802978515625
0.294921875
0.158233642578125
0.390106201171875
0.09759521484375
0.118194580078125
0.61810302734375
0.125640869140625
0.24554443359375
0.14825439453125
0.20953369140625
0.109832763671875
0.1802978515625
0.08544921875
0.067474365234375
0.132415771484375
0.110748291015625
0.100128173828125
0.046783447265625
0.127044677734375
0.07330322265625
0.196380615234375
0.144500732421875
0.149322509765625
0.13568115234375
0.127899169921875
0.003387451171875
0.38824462890625
0.40478515625
0.576904296875
0.25823974609375
0.45062255859375
0.157073974609375
0.150726318359375
0.157806396484375
0.2618408203125
0.250701904296875
0.276123046875
0.183135986328125
0.205291748046875
0.075531005859375
0.290252685546875
0.466156005859375
0.14678955078125
0.163055419921875
0.198394775390625
0.204833984375
0.189697265625
0.240234375
0.218170166015625
0.17889404296875
0.16778564453125
0.204315185546875
0.231719970703125
0.167724609375
0.21441650390625
0.20831298828125
0.306976318359375
0.230224609375
0.113677978515625
0.2117919921875
0.114044189453125
0.471771240234375
0.164306640625
0.13787841796875
0.1856689453125
0.139495849609375
0.116973876953125
0.229095458984375
0.491455078125
0.2581787109375
0.120819091796875
0.16143798828125
0.235137939453125
0.22088623046875
0.123992919921875
0.1005859375
0.08856201171875
0.11041259765625
0.084442138671875
0.0498046875
0.070892333984375
0.33062744140625
0.31732177734375
0.353912353515625
0.113037109375
0.083709716796875
0.078460693359375
0.223602294921875
0.13623046875
0.161712646484375
0.1580810546875
0.1700439453125
0.15142822265625
0.10321044921875
0.114532470703125
0.09991455078125
0.085662841796875
0.13934326171875
0.128662109375
0.174560546875
0.0692138671875
0.113555908203125
0.105377197265625
0.10736083984375
0.19921875
0.151763916015625
0.066619873046875
0.1868896484375
0.10076904296875
0.116607666015625
0.05242919921875
0.147979736328125
0.21417236328125
0.069061279296875
0.0693359375
0.2347412109375
0.112091064453125
0.02117919921875
0.083892822265625
0.117523193359375
0.325897216796875
0.1187744140625
0.126220703125
0.075225830078125
0.13446044921875
0.239959716796875
0.143463134765625
0.09259033203125
0.112152099609375
0.097015380859375
0.068359375
0.0511474609375
0.103057861328125
0.06591796875
0.557861328125
0.611358642578125
0.76336669921875
0.659912109375
0.38372802734375
0.14996337890625
0.214996337890625
0.116302490234375
0.5662841796875
0.75213623046875
0.503570556640625
0.34906005859375
0.1478271484375
0.275146484375
0.1373291015625
0.276458740234375
0.151458740234375
0.188720703125
0.180572509765625
0.148284912109375
0.130828857421875
0.08905029296875
0.071014404296875
0.08050537109375
0.00579833984375
0.134124755859375
0.307861328125
0.13604736328125
0.053070068359375
0.196319580078125
0.34222412109375
0.0645751953125
0.04876708984375
0.117706298828125
0.10601806640625
0.29864501953125
0.22442626953125
0.118865966796875
0.41558837890625
0.287445068359375
0.11822509765625
0.113800048828125
0.028717041015625
0.165802001953125
0.2158203125
0.212005615234375
0.13238525390625
0.249298095703125
0.1898193359375
0.21875
0.288482666015625
0.61273193359375
0.121246337890625
0.19317626953125
0.228240966796875
0.204376220703125
0.387725830078125
0.108612060546875
0.143798828125
0.22406005859375
0.451934814453125
0.489501953125
0.1331787109375
0.302398681640625
0.4339599609375
0.6483154296875
0.29974365234375
0.177001953125
0.238189697265625
0.0841064453125
0.299835205078125
0.28216552734375
0.275543212890625
0.174041748046875
0.072998046875
0.198272705078125
0.056854248046875
0.059722900390625
0.14276123046875
0.2630615234375
0.1082763671875
0.17413330078125
0.46563720703125
0.7166748046875
0.126617431640625
0.3590087890625
0.132537841796875
0.142547607421875
0.290557861328125
0.523895263671875
0.223419189453125
0.23797607421875
0.300811767578125
0.03662109375
0.009521484375
0.26898193359375
0.094879150390625
0.045379638671875
0.205413818359375
0.100494384765625
0.16339111328125
0.204833984375
0.13616943359375
0.064605712890625
0.188385009765625
0.095703125
0.11822509765625
0.101409912109375
0.124969482421875
0.10272216796875
0.05377197265625
0.01800537109375
0.47021484375
0.15875244140625
0.2969970703125
0.00299072265625
0.181793212890625
0.135467529296875
0.3006591796875
0.047332763671875
0.023040771484375
0.264190673828125
0.53009033203125
0.357879638671875
0.1558837890625
0.172210693359375
0.055328369140625
0.1580810546875
0.1124267578125
0.148712158203125
0.2254638671875
0.1641845703125
0.1424560546875
0.17840576171875
0.066650390625
0.2864990234375
0.197540283203125
0.09759521484375
0.049285888671875
0.027557373046875
0.012603759765625
0.040313720703125
0.07904052734375
0.109832763671875
0.048675537109375
0.061767578125
0.07073974609375
0.20648193359375
0.206085205078125
0.049530029296875
0.017059326171875
0.1092529296875
0.064849853515625
0.231475830078125
0.136260986328125
0.003814697265625
0.137542724609375
0.337982177734375
0.109466552734375
0.08209228515625
0.2532958984375
0.09881591796875
0.092041015625
0.135162353515625
0.007354736328125
0.253173828125
0.7913818359375
0.121978759765625
0.11614990234375
0.104644775390625
0.3563232421875
0.463165283203125
0.194732666015625
0.257049560546875
0.48822021484375
0.19061279296875
0.368988037109375
0.032623291015625
0.00628662109375
0.715362548828125
0.383758544921875
0.1671142578125
0.044189453125
0.0025634765625
0.010345458984375
0.002288818359375
0.01336669921875
0.004486083984375
0.017852783203125
0.032501220703125
0.01531982421875
0.057464599609375
0.050537109375
0.06817626953125
0.01898193359375
0.018951416015625
0.026763916015625
0.026092529296875
0.1060791015625
0.269989013671875
0.22650146484375
0.4373779296875
0.671173095703125
0.151702880859375
0.404022216796875
0.236846923828125
0.24261474609375
0.07269287109375
0.203399658203125
0.569915771484375
0.451263427734375
0.247467041015625
0.162322998046875
0.093475341796875
0.070556640625
0.071563720703125
0.07830810546875
0.356597900390625
0.17547607421875
0.1239013671875
0.090362548828125
0.380157470703125
0.110015869140625
0.162261962890625
0.121612548828125
0.309844970703125
0.186920166015625
0.441680908203125
0.308502197265625
0.35528564453125
0.257568359375
0.229461669921875
0.172882080078125
0.07232666015625
0.07763671875
0.118988037109375
0.2232666015625
0.144927978515625
0.13507080078125
0.2266845703125
0.166595458984375
0.303070068359375
0.0972900390625
0.171600341796875
0.09954833984375
0.04925537109375
0.08892822265625
0.046875
0.037841796875
0.03826904296875
0.107086181640625
0.13311767578125
0.013519287109375
0.025299072265625
0.253204345703125
0.087493896484375
0.1484375
0.072479248046875
0.047637939453125
0.197784423828125
0.166839599609375
0.280792236328125
0.07171630859375
0.259765625
0.100982666015625
0.173980712890625
0.209259033203125
0.1080322265625
0.02716064453125
0.090667724609375
0.293853759765625
0.087493896484375
0.03436279296875
0.060943603515625
0.171783447265625
0.107757568359375
0.43389892578125
0.242034912109375
0.099151611328125
0.18963623046875
0.0850830078125
0.127197265625
0.2821044921875
0.109771728515625
0.12310791015625
0.071533203125
0.088531494140625
0.04241943359375
0.01287841796875
0.00518798828125
0.1243896484375
0.173095703125
0.198822021484375
0.155670166015625
0.057891845703125
0.023193359375
0.210052490234375
0.104644775390625
0.60540771484375
0.06793212890625
0.060791015625
0.13360595703125
0.08038330078125
0.308868408203125
0.123687744140625
0.18572998046875
0.232452392578125
0.104339599609375
0.253631591796875
0.102081298828125
0.14422607421875
0.195770263671875
0.044677734375
0.006378173828125
0.040313720703125
0.032012939453125
0.038238525390625
0.105194091796875
0.177581787109375
0.07891845703125
0.5596923828125
0.296661376953125
0.07928466796875
0.096038818359375
0.1768798828125
0.07708740234375
0.059295654296875
0.207550048828125
0.104400634765625
0.034027099609375
0.074798583984375
0.559967041015625
0.1981201171875
0.08673095703125
0.022430419921875
0.121490478515625
0.327484130859375
0.13214111328125
0.15045166015625
0.185882568359375
0.0986328125
0.080291748046875
0.310638427734375
0.1197509765625
0.06146240234375
0.06158447265625
0.047637939453125
0.040802001953125
0.128021240234375
0.221954345703125
0.12664794921875
0.171356201171875
0.05255126953125
0.255859375
0.120330810546875
0.049560546875
0.494354248046875
0.040924072265625
0.018707275390625
0.142822265625
0.077667236328125
0.129547119140625
0.117706298828125
0.13226318359375
0.088104248046875
0.30950927734375
0.43218994140625
0.336456298828125
0.3585205078125
0.137847900390625
0.095184326171875
0.129730224609375
0.057830810546875
0.032501220703125
0.20233154296875
0.183258056640625
0.23089599609375
0.1182861328125
0.353424072265625
0.282440185546875
0.05426025390625
0.44525146484375
0.338134765625
0.419158935546875
0.265106201171875
0.427459716796875
0.157867431640625
0.0897216796875
0.044891357421875
0.398406982421875
0.14764404296875
0.109375
0.104522705078125
0.258056640625
0.158538818359375
0.107269287109375
0.090179443359375
0.045440673828125
0.018585205078125
0.02362060546875
0.058624267578125
0.077117919921875
0.198944091796875
0.0987548828125
0.1085205078125
0.022552490234375
0.06756591796875
0.225372314453125
0.215179443359375
0.79254150390625
0.23046875
0.07098388671875
0.076568603515625
0.086761474609375
0.349761962890625
0.273712158203125
0.219085693359375
0.1455078125
0.014495849609375
0.0074462890625
0.226409912109375
0.202606201171875
0.084320068359375
0.005126953125
0.049774169921875
0.22637939453125
0.00439453125
0.0020751953125
0.189361572265625
0.198974609375
0.007720947265625
0.022613525390625
0.284759521484375
0.01263427734375
0.09515380859375
0.0389404296875
0.00543212890625
0.048797607421875
0.11700439453125
0.10699462890625
0.0706787109375
0.069793701171875
0.10516357421875
0.173095703125
0.047607421875
0.073760986328125
0.1083984375
0.217498779296875
0.40838623046875
0.340484619140625
0.142791748046875
0.207427978515625
0.190277099609375
0.043304443359375
0.118011474609375
0.22027587890625
0.095489501953125
0.03955078125
0.09014892578125
0.4232177734375
0.275665283203125
0.08782958984375
0.0726318359375
0.186065673828125
0.199798583984375
0.037628173828125
0.063140869140625
0.155364990234375
0.10565185546875
0.10882568359375
0.159637451171875
0.43792724609375
0.21844482421875
0.141632080078125
0.2197265625
0.24493408203125
0.196319580078125
0.55487060546875
0.772216796875
0.325408935546875
0.01397705078125
0.224090576171875
0.558807373046875
0.31787109375
0.278594970703125
0.09161376953125
0.32977294921875
0.17266845703125
0.092315673828125
0.226043701171875
0.253387451171875
0.253662109375
0.112152099609375
0.146453857421875
0.2257080078125
0.0584716796875
0.25872802734375
0.21026611328125
0.1463623046875
0.148284912109375
0.09906005859375
0.087646484375
0.137786865234375
0.084503173828125
0.030517578125
0.1126708984375
0.105255126953125
0.10919189453125
0.13201904296875
0.20452880859375
0.08837890625
0.0628662109375
0.12689208984375
0.06396484375
0.110260009765625
0.1719970703125
0.0732421875
0.146759033203125
0.071136474609375
0.223663330078125
0.247589111328125
0.11468505859375
0.037139892578125
0.033782958984375
0.108367919921875
0.19427490234375
0.02392578125
0.058319091796875
0.6063232421875
0.55548095703125
0.17620849609375
0.142608642578125
0.0107421875
0.209228515625
0.2030029296875
0.167327880859375
0.295166015625
0.23468017578125
0.104278564453125
0.16290283203125
0.032379150390625
0.24884033203125
0.08819580078125
0.232452392578125
0.528900146484375
0.253936767578125
0.33795166015625
0.206878662109375
0.15631103515625
0.082061767578125
0.0328369140625
0.048309326171875
0.134521484375
0.356964111328125
0.1365966796875
0.50146484375
0.141571044921875
0.088623046875
0.115509033203125
0.069122314453125
0.146820068359375
0.10162353515625
0.2952880859375
0.24151611328125
0.17449951171875
0.093597412109375
0.157623291015625
0.13226318359375
0.362152099609375
0.3623046875
0.0364990234375
0.27874755859375
0.40087890625
0.19842529296875
0.1705322265625
0.14599609375
0.155029296875
0.081634521484375
0.48333740234375
0.281158447265625
0.043792724609375
0.165252685546875
0.230224609375
0.07830810546875
0.070220947265625
0.048797607421875
0.672027587890625
0.25030517578125
0.23114013671875
0.436065673828125
0.209320068359375
0.28167724609375
0.0050048828125
0.098236083984375
0.33441162109375
0.212677001953125
0.063201904296875
0.094818115234375
0.0087890625
0.22509765625
0.110198974609375
0.09979248046875
0.200592041015625
0.24798583984375
0.173583984375
0.0693359375
0.739166259765625
0.1138916015625
0.076202392578125
0.187255859375
0.208343505859375
0.077117919921875
0.195953369140625
0.076416015625
0.058135986328125
0.021453857421875
0.03619384765625
0.197479248046875
0.282440185546875
0.125335693359375
0.30633544921875
0.260162353515625
0.313812255859375
0.2789306640625
0.191650390625
0.09051513671875
0.129241943359375
0.08642578125
0.228118896484375
0.097869873046875
0.05487060546875
0.2484130859375
0.374786376953125
0.123016357421875
0.053955078125
0.1065673828125
0.024200439453125
0.173126220703125
0.05126953125
0.201171875
0.004913330078125
0.2830810546875
0.10211181640625
0.04290771484375
0.134918212890625
0.09698486328125
0.0263671875
0.243499755859375
0.438201904296875
0.177947998046875
0.135345458984375
0.0291748046875
0.092681884765625
0.10577392578125
0.08526611328125
0.13677978515625
0.0882568359375
0.147430419921875
0.07537841796875
0.0523681640625
0.05963134765625
0.029449462890625
0.27105712890625
0.187896728515625
0.38671875
0.144073486328125
0.099700927734375
0.133819580078125
0.125762939453125
0.116455078125
0.048004150390625
0.05328369140625
0.05426025390625
0.172698974609375
0.106414794921875
0.0518798828125
0.0328369140625
0.059112548828125
0.035858154296875
0.025482177734375
0.11810302734375
0.07763671875
0.051483154296875
0.047943115234375
0.13848876953125
0.07421875
0.002655029296875
0.132415771484375
0.103729248046875
0.246795654296875
0.351043701171875
0.1240234375
0.24041748046875
0.1181640625
0.062957763671875
0.077239990234375
0.1357421875
0.152130126953125
0.367401123046875
0.131103515625
0.095367431640625
0.217254638671875
0.16375732421875
0.15032958984375
0.069488525390625
0.1031494140625
0.07879638671875
0.058197021484375
0.170379638671875
0.070098876953125
0.123291015625
0.0848388671875
0.122283935546875
0.156585693359375
0.092681884765625
0.077362060546875
0.262847900390625
0.155731201171875
0.1295166015625
0.069732666015625
0.107452392578125
0.159912109375
0.138397216796875
0.11224365234375
0.071319580078125
0.06304931640625
0.088287353515625
0.20294189453125
0.128326416015625
0.115814208984375
0.08758544921875
0.27313232421875
0.360260009765625
0.0740966796875
0.112640380859375
0.085693359375
0.1298828125
0.0357666015625
0.1077880859375
0.143798828125
0.09942626953125
0.079010009765625
0.04315185546875
0.188140869140625
0.16607666015625
0.14385986328125
0.095458984375
0.061859130859375
0.039031982421875
0.130950927734375
0.09307861328125
0.266845703125
0.1195068359375
0.0625
0.094329833984375
0.031646728515625
0.082763671875
0.152923583984375
0.33843994140625
0.068115234375
0.323883056640625
0.17840576171875
0.052490234375
0.075927734375
0.0771484375
0.15362548828125
0.06402587890625
0.059112548828125
0.342132568359375
0.064727783203125
0.30047607421875
0.15283203125
0.24566650390625
0.22222900390625
0.1573486328125
0.3546142578125
0.163299560546875
0.0430908203125
0.0399169921875
0.0078125
0.062255859375
0.08917236328125
0.531982421875
0.28326416015625
0.08843994140625
0.03448486328125
0.262298583984375
0.09027099609375
0.072540283203125
0.0479736328125
0.13653564453125
0.301727294921875
0.241058349609375
0.17767333984375
0.05682373046875
0.05316162109375
0.06317138671875
0.1031494140625
0.1011962890625
0.059906005859375
0.287261962890625
0.141998291015625
0.560302734375
0.466339111328125
0.0762939453125
0.27703857421875
0.560882568359375
0.269073486328125
0.201141357421875
0.1549072265625
0.0994873046875
0.170257568359375
0.10040283203125
0.087249755859375
0.124237060546875
0.147979736328125
0.05078125
0.055511474609375
0.00555419921875
0.210662841796875
0.2584228515625
0.1522216796875
0.25164794921875
0.16259765625
0.261474609375
0.1304931640625
0.2752685546875
0.1187744140625
0.220794677734375
0.21533203125
0.00250244140625
0.153961181640625
0.08795166015625
0.02545166015625
0.18408203125
0.0777587890625
0.15673828125
0.07220458984375
0.055084228515625
0.07440185546875
0.045166015625
0.002166748046875
0.166748046875
0.096923828125
0.091705322265625
0.142578125
0.084381103515625
0.060272216796875
0.129058837890625
0.0987548828125
0.09344482421875
0.14263916015625
0.11602783203125
0.079132080078125
0.00982666015625
0.13519287109375
0.181365966796875
0.055450439453125
0.274444580078125
0.15814208984375
0.079833984375
0.045440673828125
0.063140869140625
0.054412841796875
0.181304931640625
0.2197265625
0.063232421875
0.07171630859375
0.07684326171875
0.26947021484375
0.13385009765625
0.054779052734375
0.04376220703125
0.168670654296875
0.065460205078125
0.0325927734375
0.07598876953125
0.051483154296875
0.28814697265625
0.18072509765625
0.213470458984375
0.452667236328125
0.09320068359375
0.178314208984375
0.2294921875
0.204986572265625
0.167083740234375
0.125823974609375
0.20928955078125
0.17633056640625
0.099273681640625
0.027008056640625
0.00250244140625
0.154510498046875
0.12213134765625
0.03564453125
0.035858154296875
0.079620361328125
0.176422119140625
0.12286376953125
0.1363525390625
0.07452392578125
0.0224609375
0.25323486328125
0.2301025390625
0.344879150390625
0.066650390625
0.15716552734375
0.165985107421875
0.0389404296875
0.276153564453125
0.02679443359375
0.059356689453125
0.01568603515625
0.008087158203125
0.003509521484375
0.005157470703125
0.017730712890625
0.21881103515625
0.3612060546875
0.09234619140625
0.287841796875
0.45892333984375
0.279266357421875
0.131622314453125
0.15313720703125
0.177032470703125
0.16888427734375
0.04827880859375
0.34613037109375
0.141387939453125
0.012451171875
0.22174072265625
0.24481201171875
0.112213134765625
0.03668212890625
0.125457763671875
0.084991455078125
0.6490478515625
0.1759033203125
0.202239990234375
0.196502685546875
0.083892822265625
0.2559814453125
0.28485107421875
0.334930419921875
0.07086181640625
0.025146484375
0.1817626953125
0.079833984375
0.09710693359375
0.171539306640625
0.185760498046875
0.16259765625
0.2344970703125
0.097564697265625
0.017730712890625
0.051422119140625
0.008453369140625
0.105194091796875
0.00433349609375
0.00177001953125
0.12451171875
0.095977783203125
0.034027099609375
0.002410888671875
0.002288818359375
0.0023193359375
0.4112548828125
0.200103759765625
0.216644287109375
0.1103515625
0.11907958984375
0.19427490234375
0.094818115234375
0.111328125
0.1224365234375
0.1961669921875
0.00616455078125
0.220916748046875
0.08770751953125
0.323272705078125
0.2230224609375
0.035186767578125
0.175567626953125
0.042236328125
0.0123291015625
0.06256103515625
0.0281982421875
0.045684814453125
0.018341064453125
0.05792236328125
0.03753662109375
0.03057861328125
0.058380126953125
0.01348876953125
0.15692138671875
0.113006591796875
0.07635498046875
0.145263671875
0.456939697265625
0.211883544921875
0.770355224609375
0.881927490234375
0.2515869140625
0.29559326171875
0.3328857421875
0.311370849609375
0.145721435546875
0.61151123046875
0.325103759765625
0.211395263671875
0.178619384765625
0.24151611328125
0.3685302734375
0.377349853515625
0.18780517578125
0.43896484375
0.32989501953125
0.059356689453125
0.001983642578125
0.23541259765625
0.09033203125
0.194549560546875
0.401031494140625
0.1278076171875
0.218231201171875
0.100921630859375
0.025482177734375
0.088409423828125
0.232147216796875
0.13104248046875
0.16497802734375
0.033966064453125
0.009063720703125
0.156280517578125
0.13714599609375
0.1124267578125
0.079864501953125
0.1011962890625
0.519012451171875
0.1094970703125
0.0567626953125
0.122406005859375
0.09930419921875
0.209381103515625
0.294921875
0.134796142578125
0.00244140625
0.31304931640625
0.146514892578125
0.1015625
0.085418701171875
0.075347900390625
0.058563232421875
0.13140869140625
0.151763916015625
0.0516357421875
0.084747314453125
0.169342041015625
0.1859130859375
0.204437255859375
0.152984619140625
0.23748779296875
0.10394287109375
0.110595703125
0.09014892578125
0.133056640625
0.1700439453125
0.134613037109375
0.216033935546875
0.157257080078125
0.090667724609375
0.183258056640625
0.180206298828125
0.065399169921875
0.0601806640625
0.001922607421875
0.132598876953125
0.120697021484375
0.0479736328125
0.073333740234375
0.025604248046875
0.03936767578125
0.027496337890625
0.042144775390625
0.0244140625
0.11859130859375
0.1248779296875
0.041229248046875
0.053436279296875
0.002288818359375
0.142852783203125
0.058990478515625
0.0643310546875
0.091156005859375
0.07012939453125
0.091400146484375
0.130340576171875
0.068695068359375
0.180450439453125
0.086212158203125
0.115631103515625
0.06268310546875
0.30230712890625
0.25225830078125
0.280731201171875
0.313629150390625
0.2296142578125
0.088958740234375
0.113037109375
0.419158935546875
0.29083251953125
0.13311767578125
0.127227783203125
0.10760498046875
0.135833740234375
0.210723876953125
0.175994873046875
0.11151123046875
0.082305908203125
0.032989501953125
0.114715576171875
0.060333251953125
0.088714599609375
0.064483642578125
0.08795166015625
0.048431396484375
0.00189208984375
0.00750732421875
0.004547119140625
0.145751953125
0.072235107421875
0.145782470703125
0.130828857421875
0.022125244140625
0.167266845703125
0.15216064453125
0.063262939453125
0.00848388671875
0.289703369140625
0.109771728515625
0.182098388671875
0.098663330078125
0.0447998046875
0.153076171875
0.085052490234375
0.06951904296875
0.090576171875
0.059112548828125
0.0687255859375
0.07159423828125
0.068359375
0.091400146484375
0.307586669921875
0.166046142578125
0.02264404296875
0.37225341796875
0.13330078125
0.0772705078125
0.18377685546875
0.2550048828125
0.095611572265625
0.063873291015625
0.14501953125
0.15557861328125
0.150299072265625
0.05682373046875
0.050079345703125
0.038543701171875
0.098297119140625
0.05615234375
0.14788818359375
0.087860107421875
0.06658935546875
0.067413330078125
0.107940673828125
0.12628173828125
0.08514404296875
0.0592041015625
0.058502197265625
0.0611572265625
0.055023193359375
0.112152099609375
0.097930908203125
0.065765380859375
0.063385009765625
0.1016845703125
0.074432373046875
0.12127685546875
0.09967041015625
0.047515869140625
0.139312744140625
0.068817138671875
0.024017333984375
0.042999267578125
0.03363037109375
0.035064697265625
0.01220703125
0.010894775390625
0.107818603515625
0.127716064453125
0.06817626953125
0.138519287109375
0.132904052734375
0.002716064453125
0.136260986328125
0.064453125
0.09063720703125
0.027618408203125
0.05364990234375
0.027099609375
0.033294677734375
0.03399658203125
0.005340576171875
0.027099609375
0.037750244140625
0.01751708984375
0.05889892578125
0.069671630859375
0.03271484375
0.02728271484375
0.137176513671875
0.13604736328125
0.2305908203125
0.162811279296875
0.107147216796875
0.082763671875
0.11602783203125
0.11651611328125
0.04608154296875
0.274871826171875
0.23870849609375
0.17071533203125
0.09796142578125
0.119476318359375
0.06268310546875
0.069244384765625
0.164459228515625
0.083892822265625
0.134979248046875
0.095367431640625
0.041015625
0.02166748046875
0.13031005859375
0.0789794921875
0.0430908203125
0.02362060546875
0.157257080078125
0.046539306640625
0.03973388671875
0.146942138671875
0.119537353515625
0.067230224609375
0.057281494140625
0.027496337890625
0.058868408203125
0.24505615234375
0.12530517578125
0.0980224609375
0.027374267578125
0.057952880859375
0.09765625
0.069671630859375
0.19769287109375
0.037353515625
0.0743408203125
0.054534912109375
0.092315673828125
0.0328369140625
0.002105712890625
0.059356689453125
0.045501708984375
0.0196533203125
0.06134033203125
0.02099609375
0.085235595703125
0.17279052734375
0.11041259765625
0.0419921875
0.152618408203125
0.121795654296875
0.0860595703125
0.087615966796875
0.123565673828125
0.1126708984375
0.134521484375
0.1627197265625
0.059906005859375
0.13897705078125
0.14385986328125
0.171600341796875
0.132568359375
0.219573974609375
0.21551513671875
0.12884521484375
0.09124755859375
0.059173583984375
0.195159912109375
0.377349853515625
0.086578369140625
0.073272705078125
0.055419921875
0.164398193359375
0.090240478515625
0.058929443359375
0.079559326171875
0.143829345703125
0.150299072265625
0.0653076171875
0.07916259765625
0.118408203125
0.070556640625
0.161956787109375
0.0291748046875
0.022796630859375
0.030609130859375
0.06854248046875
0.075225830078125
0.043670654296875
0.05255126953125
0.088165283203125
0.013824462890625
0.01861572265625
0.02197265625
0.001983642578125
0.089385986328125
0.092376708984375
0.2867431640625
0.104949951171875
0.038330078125
0.191070556640625
0.1019287109375
0.10150146484375
0.051605224609375
0.05401611328125
0.20574951171875
0.041717529296875
0.00537109375
0.08636474609375
0.065887451171875
0.10272216796875
0.07012939453125
0.051971435546875
0.213623046875
0.272705078125
0.102294921875
0.025299072265625
0.03125
0.081512451171875
0.061309814453125
0.03265380859375
0.03790283203125
0.303802490234375
0.160614013671875
0.165557861328125
0.15557861328125
0.087371826171875
0.105377197265625
0.051483154296875
0.04193115234375
0.057708740234375
0.064483642578125
0.178924560546875
0.033111572265625
0.0869140625
0.1304931640625
0.101715087890625
0.05181884765625
0.0596923828125
0.050323486328125
0.0716552734375
0.200408935546875
0.03436279296875
0.12200927734375
0.0250244140625
0.003204345703125
0.026123046875
0.01904296875
0.03192138671875
0.047943115234375
0.00238037109375
0.002166748046875
0.002349853515625
0.028472900390625
0.044219970703125
0.0382080078125
0.053375244140625
0.028106689453125
0.101806640625
0.0595703125
0.0465087890625
0.12176513671875
0.14447021484375
0.06231689453125
0.0533447265625
0.058258056640625
0.092498779296875
0.06488037109375
0.071075439453125
0.124176025390625
0.135711669921875
0.099273681640625
0.0870361328125
0.1739501953125
0.0703125
0.15966796875
0.170806884765625
0.116455078125
0.1712646484375
0.068084716796875
0.068023681640625
0.073028564453125
0.135284423828125
0.224700927734375
0.065643310546875
0.04345703125
0.079376220703125
0.208282470703125
0.085662841796875
0.06072998046875
0.03167724609375
0.022918701171875
0.056640625
0.038116455078125
0.02197265625
0.1005859375
0.099456787109375
0.117095947265625
0.005126953125
0.06134033203125
0.171295166015625
0.125701904296875
0.10784912109375
0.05584716796875
0.06781005859375
0.324432373046875
0.122772216796875
0.203857421875
0.13287353515625
0.27850341796875
0.059722900390625
0.13232421875
0.0953369140625
0.1417236328125
0.144744873046875
0.110015869140625
0.069366455078125
0.123443603515625
0.12158203125
0.084686279296875
0.096710205078125
0.076751708984375
0.062408447265625
0.084197998046875
0.028045654296875
0.025604248046875
0.06341552734375
0.089630126953125
0.040618896484375
0.08221435546875
0.2191162109375
0.153289794921875
0.033782958984375
0.11029052734375
0.247406005859375
0.0565185546875
0.01397705078125
0.0545654296875
0.042236328125
0.020599365234375
0.02398681640625
0.027740478515625
0.070220947265625
0.074310302734375
0.053955078125
0.0679931640625
0.004669189453125
0.26763916015625
0.162322998046875
0.058135986328125
0.116058349609375
0.06170654296875
0.1263427734375
0.1099853515625
0.16748046875
0.13800048828125
0.07012939453125
0.10260009765625
0.0987548828125
0.083251953125
0.068359375
0.26470947265625
0.195953369140625
0.071441650390625
0.0540771484375
0.189697265625
0.371063232421875
0.02313232421875
0.09405517578125
0.06622314453125
0.031829833984375
0.04412841796875
0.12469482421875
0.064910888671875
0.03216552734375
0.07147216796875
0.100372314453125
0.294525146484375
0.14556884765625
0.2623291015625
0.17578125
0.069305419921875
0.005950927734375
0.049468994140625
0.065216064453125
0.050018310546875
0.0322265625
0.06085205078125
0.031768798828125
0.02349853515625
0.03900146484375
0.1009521484375
0.01324462890625
0.0670166015625
0.05755615234375
0.063690185546875
0.019927978515625
0.00823974609375
0.03802490234375
0.03729248046875
0.008331298828125
0.066619873046875
0.083587646484375
0.19171142578125
0.2279052734375
0.090118408203125
0.1514892578125
0.142669677734375
0.17266845703125
0.0989990234375
0.212371826171875
0.1575927734375
0.111907958984375
0.053131103515625
0.112091064453125
0.09088134765625
0.078704833984375
0.441497802734375
0.285675048828125
0.145782470703125
0.062957763671875
0.0025634765625
0.1590576171875
0.116851806640625
0.15606689453125
0.10345458984375
0.063934326171875
0.10601806640625
0.198822021484375
0.1201171875
0.048492431640625
0.092681884765625
0.141204833984375
0.386138916015625
0.147735595703125
0.15106201171875
0.088897705078125
0.06298828125
0.05682373046875
0.044586181640625
0.037353515625
0.34112548828125
0.205718994140625
0.13427734375
0.054290771484375
0.091888427734375
0.164886474609375
0.1014404296875
0.139190673828125
0.069671630859375
0.08056640625
0.17205810546875
0.09808349609375
0.095703125
0.054290771484375
0.070404052734375
0.017059326171875
0.035614013671875
0.069427490234375
0.07391357421875
0.068450927734375
0.03656005859375
0.03521728515625
0.054107666015625
0.060333251953125
0.00311279296875
0.51800537109375
0.103912353515625
0.05230712890625
0.10882568359375
0.05126953125
0.007568359375
0.043914794921875
0.013702392578125
0.2579345703125
0.115234375
0.13214111328125
0.05517578125
0.083404541015625
0.142974853515625
0.076416015625
0.0499267578125
0.042022705078125
0.002777099609375
0.014923095703125
0.1634521484375
0.062103271484375
0.04345703125
0.079254150390625
0.00787353515625
0.004638671875
0.135101318359375
0.315216064453125
0.232452392578125
0.084197998046875
0.125
0.5804443359375
0.386932373046875
0.35736083984375
0.273468017578125
0.283599853515625
0.0928955078125
0.043121337890625
0.024932861328125
0.006591796875
0.14141845703125
0.069122314453125
0.226959228515625
0.181121826171875
0.088104248046875
0.20684814453125
0.170135498046875
0.09808349609375
0.14190673828125
0.182037353515625
0.109222412109375
0.077056884765625
0.05548095703125
0.067718505859375
0.043792724609375
0.16009521484375
0.197723388671875
0.095184326171875
0.057647705078125
0.076934814453125
0.138519287109375
0.13555908203125
0.141845703125
0.231292724609375
0.355438232421875
0.14398193359375
0.14666748046875
0.11602783203125
0.2235107421875
0.030181884765625
0.156982421875
0.224365234375
0.0279541015625
0.299713134765625
0.22344970703125
0.079132080078125
0.231353759765625
0.085845947265625
0.049163818359375
0.057708740234375
0.016204833984375
0.031097412109375
0.070343017578125
0.047393798828125
0.031280517578125
0.08514404296875
0.080718994140625
0.1893310546875
0.076812744140625
0.083709716796875
0.037109375
0.055877685546875
0.10260009765625
0.029815673828125
0.008056640625
0.039764404296875
0.03753662109375
0.0028076171875
0.03564453125
0.01873779296875
0.042327880859375
0.03564453125
0.0103759765625
0.002197265625
0.06494140625
0.279632568359375
0.422332763671875
0.40985107421875
0.108612060546875
0.288787841796875
0.047332763671875
0.040069580078125
0.007904052734375
0.142669677734375
0.089324951171875
0.0927734375
0.176361083984375
0.06549072265625
0.2894287109375
0.218902587890625
0.2325439453125
0.13275146484375
0.530426025390625
0.17333984375
0.109527587890625
0.177978515625
0.1806640625
0.2777099609375
0.12005615234375
0.039093017578125
0.109527587890625
0.21746826171875
0.244171142578125
0.0718994140625
0.116424560546875
0.042572021484375
0.08575439453125
0.104461669921875
0.07342529296875
0.043243408203125
0.268951416015625
0.22979736328125
0.069244384765625
0.062042236328125
0.129638671875
0.339141845703125
0.22418212890625
0.125457763671875
0.06341552734375
0.024688720703125
0.024871826171875
0.120880126953125
0.047271728515625
0.21160888671875
0.096435546875
0.049468994140625
0.026947021484375
0.03765869140625
0.034698486328125
0.10772705078125
0.0660400390625
0.078460693359375
0.07171630859375
0.093170166015625
0.167022705078125
0.0699462890625
0.10302734375
0.12799072265625
0.11346435546875
0.06524658203125
0.15264892578125
0.275848388671875
0.138824462890625
0.125579833984375
0.009002685546875
0.27972412109375
0.13397216796875
0.054779052734375
0.040985107421875
0.0572509765625
0.11456298828125
0.180419921875
0.070953369140625
0.030517578125
0.10235595703125
0.06683349609375
0.028167724609375
0.029571533203125
0.04559326171875
0.0224609375
0.05023193359375
0.025177001953125
0.0531005859375
0.031005859375
0.02496337890625
0.025665283203125
0.079986572265625
0.2528076171875
0.1812744140625
0.116058349609375
0.113006591796875
0.098052978515625
0.031524658203125
0.02899169921875
0.058135986328125
0.0369873046875
0.0635986328125
0.192840576171875
0.14129638671875
0.20465087890625
0.180511474609375
0.098236083984375
0.077911376953125
0.105316162109375
0.167327880859375
0.15740966796875
0.165283203125
0.064208984375
0.043365478515625
0.0489501953125
0.03778076171875
0.006744384765625
0.13311767578125
0.002197265625
0.096893310546875
0.004364013671875
0.00347900390625
0.014129638671875
0.004425048828125
0.00927734375
0.016815185546875
0.112640380859375
0.122772216796875
0.15814208984375
0.0137939453125
0.01312255859375
0.11016845703125
0.110443115234375
0.026763916015625
0.009521484375
0.0579833984375
0.0052490234375
0.18450927734375
0.113555908203125
0.12762451171875
0.088714599609375
0.122955322265625
0.35687255859375
0.3507080078125
0.141021728515625
0.039459228515625
0.170166015625
0.09906005859375
0.01861572265625
0.26043701171875
0.069061279296875
0.231689453125
0.518707275390625
0.0777587890625
0.04345703125
0.10638427734375
0.067413330078125
0.0023193359375
0.024169921875
0.00482177734375
0.12591552734375
0.169921875
0.071319580078125
0.076812744140625
0.05853271484375
0.214324951171875
0.1123046875
0.75860595703125
0.769866943359375
0.125396728515625
0.15692138671875
0.194488525390625
0.003875732421875
0.0062255859375
0.828216552734375
0.9462890625
0.2113037109375
0.230438232421875
0.254852294921875
0.09832763671875
0.0738525390625
0.046966552734375
0.069854736328125
0.004608154296875
0.00372314453125
0.114593505859375
0.074737548828125
0.02105712890625
0.221099853515625
0.2828369140625
0.1746826171875
0.22918701171875
0.09832763671875
0.1080322265625
0.101531982421875
0.0848388671875
0.066253662109375
0.09344482421875
0.06317138671875
0.027862548828125
0.013580322265625
0.00335693359375
0.516387939453125
0.364105224609375
0.189727783203125
0.013641357421875
0.0042724609375
0.045928955078125
0.11883544921875
0.17608642578125
0.264373779296875
0.271636962890625
0.11370849609375
0.1619873046875
0.180389404296875
0.19677734375
0.055908203125
0.257965087890625
0.14208984375
0.111328125
0.095855712890625
0.14813232421875
0.136199951171875
0.096771240234375
0.101959228515625
0.11376953125
0.02252197265625
0.005340576171875
0.00213623046875
0.085418701171875
0.08026123046875
0.0059814453125
0.0220947265625
0.02923583984375
0.05694580078125
0.042144775390625
0.030181884765625
0.04095458984375
0.0174560546875
0.007171630859375
0.015777587890625
0.022003173828125
0.002105712890625
0.024505615234375
0.02685546875
0.064849853515625
0.139495849609375
0.18231201171875
0.075897216796875
0.004058837890625
0.027130126953125
0.144195556640625
0.099609375
0.128265380859375
0.253265380859375
0.255157470703125
0.157257080078125
0.1064453125
0.081085205078125
0.07525634765625
0.140625
0.415313720703125
0.288848876953125
0.1619873046875
0.031524658203125
0.02447509765625
0.14251708984375
0.07586669921875
0.086578369140625
0.28839111328125
0.19427490234375
0.24090576171875
0.091522216796875
0.002197265625
0.365264892578125
0.16510009765625
0.02020263671875
0.079559326171875
0.17041015625
0.08953857421875
0.157928466796875
0.087982177734375
0.006866455078125
0.13775634765625
0.100067138671875
0.126861572265625
0.16192626953125
0.1019287109375
0.07403564453125
0.02850341796875
0.00750732421875
0.125518798828125
0.109283447265625
0.131011962890625
0.032562255859375
0.060150146484375
0.12408447265625
0.05352783203125
0.057220458984375
0.03839111328125
0.024505615234375
0.10662841796875
0.027923583984375
0.05682373046875
0.111175537109375
0.092315673828125
0.058319091796875
0.115875244140625
0.140838623046875
0.0247802734375
0.059356689453125
0.033660888671875
0.086029052734375
0.0699462890625
0.12506103515625
0.12493896484375
0.04571533203125
0.278594970703125
0.18426513671875
0.122467041015625
0.090911865234375
0.025054931640625
0.105499267578125
0.0694580078125
0.0540771484375
0.04376220703125
0.141937255859375
0.157501220703125
0.31231689453125
0.260650634765625
0.089599609375
0.158660888671875
0.11944580078125
0.084564208984375
0.051483154296875
0.085845947265625
0.13873291015625
0.084503173828125
0.015594482421875
0.06768798828125
0.05670166015625
0.2083740234375
0.2374267578125
0.14837646484375
0.002227783203125
0.109527587890625
0.1025390625
0.01666259765625
0.0533447265625
0.096954345703125
0.0743408203125
0.022186279296875
0.02435302734375
0.00244140625
0.075927734375
0.137908935546875
0.1195068359375
0.143524169921875
0.11431884765625
0.2049560546875
0.213104248046875
0.236053466796875
0.067718505859375
0.178436279296875
0.099761962890625
0.003173828125
0.022308349609375
0.036041259765625
0.02294921875
0.096832275390625
0.05633544921875
0.046173095703125
0.031585693359375
0.20440673828125
0.074310302734375
0.0169677734375
0.014129638671875
0.00360107421875
0.018310546875
0.013275146484375
0.149932861328125
0.550445556640625
0.33734130859375
0.19049072265625
0.002288818359375
0.004608154296875
0.471832275390625
0.378936767578125
0.004730224609375
0.016326904296875
0.002838134765625
0.36590576171875
0.306976318359375
0.191558837890625
0.15576171875
0.25018310546875
0.132354736328125
0.0933837890625
0.080322265625
0.212799072265625
0.007293701171875
0.467010498046875
0.269287109375
0.1824951171875
0.160980224609375
0.17578125
0.125823974609375
0.114776611328125
0.119140625
0.090606689453125
0.11956787109375
0.05810546875
0.06475830078125
0.061431884765625
0.06170654296875
0.20855712890625
0.139923095703125
0.11163330078125
0.067718505859375
0.10223388671875
0.16973876953125
0.228485107421875
0.100433349609375
0.00531005859375
0.10296630859375
0.19866943359375
0.172088623046875
0.03106689453125
0.171905517578125
0.095977783203125
0.059600830078125
0.12152099609375
0.05865478515625
0.083648681640625
0.012786865234375
0.104949951171875
0.111328125
0.004730224609375
0.140838623046875
0.128814697265625
0.006317138671875
0.24072265625
0.225799560546875
0.089141845703125
0.0958251953125
0.05853271484375
0.099212646484375
0.119598388671875
0.0556640625
0.059234619140625
0.196685791015625
0.22021484375
0.04046630859375
0.008056640625
0.008087158203125
0.0018310546875
0.115142822265625
0.088592529296875
0.013580322265625
0.06500244140625
0.074310302734375
0.0106201171875
0.035430908203125
0.01190185546875
0.08160400390625
0.058868408203125
0.043060302734375
0.058349609375
0.002227783203125
0.040985107421875
0.04742431640625
0.025390625
0.0693359375
0.048675537109375
0.01861572265625
0.056671142578125
0.056365966796875
0.017791748046875
0.008087158203125
0.02935791015625
0.054107666015625
0.05291748046875
0.0286865234375
0.028656005859375
0.00616455078125
0.017730712890625
0.033111572265625
0.028717041015625
0.05010986328125
0.0262451171875
0.029052734375
0.221435546875
0.217742919921875
0.076690673828125
0.498626708984375
0.3118896484375
0.274139404296875
0.271026611328125
0.1856689453125
0.149017333984375
0.11260986328125
0.080902099609375
0.07769775390625
0.10552978515625
0.0836181640625
0.05548095703125
0.0859375
0.017852783203125
0.248626708984375
0.077178955078125
0.083587646484375
0.11029052734375
0.1197509765625
0.02227783203125
0.067779541015625
0.055511474609375
0.021636962890625
0.0311279296875
0.02301025390625
0.03936767578125
0.174591064453125
0.01971435546875
0.083984375
0.31317138671875
0.331634521484375
0.3392333984375
0.404754638671875
0.5003662109375
0.261199951171875
0.207000732421875
0.146575927734375
0.002349853515625
0.316436767578125
0.145721435546875
0.3033447265625
0.0927734375
0.030731201171875
0.01605224609375
0.00506591796875
0.01031494140625
0.368743896484375
0.280914306640625
0.0821533203125
0.188079833984375
0.0987548828125
0.197662353515625
0.28033447265625
0.225341796875
0.066558837890625
0.075836181640625
0.110107421875
0.131134033203125
0.120513916015625
0.121856689453125
0.1298828125
0.100311279296875
0.01312255859375
0.05072021484375
0.1021728515625
0.079132080078125
0.004180908203125
0.00244140625
0.7484130859375
0.25439453125
0.096649169921875
0.43536376953125
0.17376708984375
0.08807373046875
0.1529541015625
0.11578369140625
0.0576171875
0.052520751953125
0.05010986328125
0.049957275390625
0.036529541015625
0.191925048828125
0.087371826171875
0.00262451171875
0.003021240234375
0.027191162109375
0.106048583984375
0.087127685546875
0.091949462890625
0.05401611328125
0.1513671875
0.172210693359375
0.105072021484375
0.01483154296875
0.09088134765625
0.46978759765625
0.251922607421875
0.16632080078125
0.176544189453125
0.31268310546875
0.083892822265625
0.006134033203125
0.084197998046875
0.123626708984375
0.07318115234375
0.104339599609375
0.122528076171875
0.004241943359375
0.038177490234375
0.028656005859375
0.02960205078125
0.233154296875
0.191650390625
0.05401611328125
0.009185791015625
0.044647216796875
0.06561279296875
0.034423828125
0.03179931640625
0.08551025390625
0.0830078125
0.05377197265625
0.100830078125
0.162994384765625
0.0430908203125
0.105255126953125
0.024932861328125
0.0255126953125
0.047210693359375
0.032196044921875
0.050262451171875
0.003143310546875
0.00439453125
0.002777099609375
0.004180908203125
0.04443359375
0.02734375
0.037933349609375
0.04766845703125
0.078582763671875
0.051025390625
0.1033935546875
0.087554931640625
0.16729736328125
0.19500732421875
0.08935546875
0.127105712890625
0.13018798828125
0.1656494140625
0.072174072265625
0.0142822265625
0.2373046875
0.013946533203125
0.0458984375
0.092864990234375
0.073211669921875
0.061920166015625
0.024566650390625
0.189971923828125
0.144744873046875
0.223724365234375
0.161865234375
0.192962646484375
0.15594482421875
0.09295654296875
0.039581298828125
0.0208740234375
0.04156494140625
0.01861572265625
0.0269775390625
0.038818359375
0.10675048828125
0.15728759765625
0.171417236328125
0.20489501953125
0.098602294921875
0.091217041015625
0.04632568359375
0.071044921875
0.083099365234375
0.00592041015625
0.0946044921875
0.127227783203125
0.098846435546875
0.072845458984375
0.099334716796875
0.07598876953125
0.071533203125
0.389434814453125
0.169036865234375
0.18292236328125
0.215850830078125
0.2943115234375
0.063385009765625
0.091522216796875
0.033843994140625
0.047332763671875
0.079559326171875
0.095245361328125
0.06707763671875
0.0303955078125
0.065582275390625
0.01715087890625
0.032745361328125
0.17645263671875
0.187530517578125
0.069091796875
0.079925537109375
0.046722412109375
0.045318603515625
0.070343017578125
0.055328369140625
0.050384521484375
0.21417236328125
0.28289794921875
0.16436767578125
0.104888916015625
0.14141845703125
0.177154541015625
0.043792724609375
0.040191650390625
0.037139892578125
0.16741943359375
0.104827880859375
0.052398681640625
0.042938232421875
0.08154296875
0.099822998046875
0.00799560546875
0.009429931640625
0.041534423828125
0.21136474609375
0.132781982421875
0.050689697265625
0.0484619140625
0.07318115234375
0.0384521484375
0.02825927734375
0.001739501953125
0.037506103515625
0.040771484375
0.00244140625
0.083251953125
0.09295654296875
0.0673828125
0.001953125
0.11810302734375
0.0611572265625
0.076324462890625
0.105316162109375
0.052032470703125
0.10833740234375
0.07684326171875
0.113250732421875
0.0382080078125
0.0753173828125
0.07977294921875
0.003387451171875
0.00567626953125
0.087371826171875
0.037353515625
0.023712158203125
0.12542724609375
0.19677734375
0.111175537109375
0.147125244140625
0.046600341796875
0.0357666015625
0.038055419921875
0.002349853515625
0.049102783203125
0.00848388671875
0.118255615234375
0.303863525390625
0.15521240234375
0.05078125
0.116973876953125
0.11602783203125
0.07513427734375
0.2525634765625
0.199249267578125
0.105316162109375
0.122314453125
0.169342041015625
0.564697265625
0.1844482421875
0.1607666015625
0.087158203125
0.20501708984375
0.12188720703125
0.174896240234375
0.129852294921875
0.044769287109375
0.10498046875
0.0921630859375
0.05987548828125
0.018524169921875
0.05902099609375
0.123138427734375
0.0225830078125
0.045135498046875
0.04144287109375
0.039764404296875
0.0662841796875
0.0457763671875
0.0426025390625
0.09429931640625
0.055328369140625
0.00238037109375
0.05535888671875
0.053192138671875
0.0465087890625
0.04779052734375
0.062713623046875
0.04559326171875
0.0465087890625
0.00390625
0.048583984375
0.148101806640625
0.19769287109375
0.1114501953125
0.194061279296875
0.07354736328125
0.03582763671875
0.039947509765625
0.040618896484375
0.00384521484375
0.0550537109375
0.143829345703125
0.002197265625
0.082672119140625
0.257415771484375
0.236785888671875
0.228240966796875
0.272308349609375
0.172027587890625
0.072845458984375
0.02874755859375
0.111175537109375
0.10662841796875
0.13531494140625
0.158538818359375
0.07818603515625
0.0467529296875
0.049285888671875
0.072601318359375
0.132476806640625
0.08685302734375
0.19903564453125
0.040863037109375
0.07958984375
0.00225830078125
0.046539306640625
0.18634033203125
0.199951171875
0.048614501953125
0.085906982421875
0.00244140625
0.002044677734375
0.0478515625
0.07073974609375
0.0484619140625
0.080108642578125
0.055816650390625
0.076934814453125
0.088043212890625
0.048797607421875
0.1580810546875
0.07305908203125
0.18780517578125
0.105865478515625
0.0606689453125
0.041412353515625
0.06475830078125
0.027496337890625
0.046600341796875
0.11328125
0.049713134765625
0.04638671875
0.002349853515625
0.1055908203125
0.0823974609375
0.067474365234375
0.0286865234375
0.02777099609375
0.064056396484375
0.05291748046875
0.098785400390625
0.0556640625
0.071258544921875
0.100433349609375
0.037261962890625
0.0897216796875
0.045440673828125
0.013092041015625
0.057861328125
0.004486083984375
0.001861572265625
0.00225830078125
0.027984619140625
0.043701171875
0.06201171875
0.0108642578125
0.134735107421875
0.115631103515625
0.002349853515625
0.0491943359375
0.042877197265625
0.057037353515625
0.031646728515625
0.021514892578125
0.03045654296875
0.0267333984375
0.00628662109375
0.10650634765625
0.066650390625
0.044921875
0.078155517578125
0.03271484375
0.00177001953125
0.048583984375
0.0452880859375
0.033447265625
0.023468017578125
0.01177978515625
0.005523681640625
0.04052734375
0.0655517578125
0.0416259765625
0.01824951171875
0.042266845703125
0.060211181640625
0.025482177734375
0.019775390625
0.024169921875
0.020477294921875
0.02410888671875
0.022979736328125
0.005645751953125
0.010955810546875
0.0096435546875
0.002197265625
0.04364013671875
0.146728515625
0.072357177734375
0.081085205078125
0.055389404296875
0.0162353515625
0.00848388671875
0.0091552734375
0.002899169921875
0.0142822265625
0.021087646484375
0.018951416015625
0.063079833984375
0.10906982421875
0.037994384765625
0.1021728515625
0.068603515625
0.12396240234375
0.048126220703125
0.04437255859375
0.0484619140625
0.43603515625
0.410430908203125
0.090484619140625
0.096435546875
0.112396240234375
0.24639892578125
0.2030029296875
0.001922607421875
0.045654296875
0.2686767578125
0.3018798828125
0.2138671875
0.47772216796875
0.151336669921875
0.093109130859375
0.099853515625
0.10235595703125
0.364837646484375
0.21044921875
0.247161865234375
0.132476806640625
0.282745361328125
0.004638671875
0.249969482421875
0.101837158203125
0.00531005859375
0.40771484375
0.296173095703125
0.110382080078125
0.0718994140625
0.05499267578125
0.10235595703125
0.0582275390625
0.026031494140625
0.10052490234375
0.094390869140625
0.08343505859375
0.049957275390625
0.494964599609375
0.1234130859375
0.03961181640625
0.24298095703125
0.25164794921875
0.224151611328125
0.056640625
0.0797119140625
0.31573486328125
0.146636962890625
0.228668212890625
0.11395263671875
0.0872802734375
0.07806396484375
0.17999267578125
0.04925537109375
0.044342041015625
0.0458984375
0.161407470703125
0.0640869140625
0.076690673828125
0.04840087890625
0.049591064453125
0.061187744140625
0.0906982421875
0.209075927734375
0.18011474609375
0.042266845703125
0.048095703125
0.04730224609375
0.0511474609375
0.046356201171875
0.14617919921875
0.489105224609375
0.34783935546875
0.207305908203125
0.120086669921875
0.14111328125
0.15704345703125
0.002471923828125
0.002685546875
0.046142578125
0.080291748046875
0.162445068359375
0.068695068359375
0.1142578125
0.074462890625
0.183746337890625
0.49676513671875
0.393524169921875
0.29132080078125
0.259307861328125
0.240936279296875
0.468902587890625
0.211212158203125
0.128387451171875
0.09210205078125
0.093536376953125
0.04150390625
0.05987548828125
0.055816650390625
0.139312744140625
0.09649658203125
0.082611083984375
0.314208984375
0.135894775390625
0.25213623046875
0.252349853515625
0.2537841796875
0.359130859375
0.238922119140625
0.20062255859375
0.16326904296875
0.005706787109375
0.100067138671875
0.100494384765625
0.439361572265625
0.212646484375
0.14385986328125
0.12548828125
0.1680908203125
0.39410400390625
0.045135498046875
0.0665283203125
0.068603515625
0.079742431640625
0.10302734375
0.024810791015625
0.10369873046875
0.09844970703125
0.277923583984375
0.006866455078125
0.03790283203125
0.002227783203125
0.00244140625
0.003082275390625
0.044342041015625
0.031280517578125
0.012725830078125
0.00238037109375
0.005950927734375
0.043365478515625
0.07611083984375
0.006988525390625
0.002227783203125
0.02435302734375
0.02728271484375
0.003448486328125
0.02703857421875
0.0924072265625
0.026947021484375
0.0966796875
0.05560302734375
0.30657958984375
0.32427978515625
0.163421630859375
0.432891845703125
0.12005615234375
0.101104736328125
0.095428466796875
0.444732666015625
0.631195068359375
0.149169921875
0.228759765625
0.4925537109375
0.24835205078125
0.147430419921875
0.225341796875
0.168670654296875
0.343048095703125
0.438812255859375
0.2540283203125
0.26141357421875
0.202484130859375
0.063873291015625
0.171234130859375
0.329254150390625
0.142578125
0.105194091796875
0.206512451171875
0.119903564453125
0.08258056640625
0.09088134765625
0.40155029296875
0.277313232421875
0.2100830078125
0.0653076171875
0.0772705078125
0.29803466796875
0.226959228515625
0.110382080078125
0.054779052734375
0.148406982421875
0.0950927734375
0.022857666015625
0.081024169921875
0.127288818359375
0.1014404296875
0.0609130859375
0.0377197265625
0.020294189453125
0.06201171875
0.0516357421875
0.072845458984375
0.09820556640625
0.130218505859375
0.073272705078125
0.2861328125
0.190948486328125
0.09771728515625
0.41412353515625
0.1024169921875
0.12420654296875
0.139984130859375
0.066131591796875
0.1287841796875
0.17022705078125
0.108612060546875
0.141937255859375
0.077880859375
0.0836181640625
0.05767822265625
0.025634765625
0.01031494140625
0.010986328125
0.004730224609375
0.001953125
0.08294677734375
0.148193359375
0.113433837890625
0.040679931640625
0.043121337890625
0.04803466796875
0.084625244140625
0.25213623046875
0.091827392578125
0.112884521484375
0.08807373046875
0.112152099609375
0.120819091796875
0.053192138671875
0.080169677734375
0.071380615234375
0.081634521484375
0.041961669921875
0.043060302734375
0.2503662109375
0.123046875
0.17376708984375
0.099609375
0.072021484375
0.012725830078125
0.096954345703125
0.244659423828125
0.168701171875
0.0653076171875
0.28997802734375
0.086395263671875
0.06451416015625
0.09698486328125
0.122802734375
0.058319091796875
0.05426025390625
0.357025146484375
0.09027099609375
0.066680908203125
0.25
0.1219482421875
0.206390380859375
0.091156005859375
0.044281005859375
0.19378662109375
0.114776611328125
0.083526611328125
0.0155029296875
0.1416015625
0.04888916015625
0.0572509765625
0.1456298828125
0.10870361328125
0.229705810546875
0.06500244140625
0.146026611328125
0.0894775390625
0.209808349609375
0.184783935546875
0.228057861328125
0.0977783203125
0.096405029296875
0.059722900390625
0.062347412109375
0.040679931640625
0.026458740234375
0.090545654296875
0.128387451171875
0.089752197265625
0.033721923828125
0.002777099609375
0.038970947265625
0.12652587890625
0.042327880859375
0.005340576171875
0.003204345703125
0.002105712890625
0.00677490234375
0.002105712890625
0.002471923828125
0.002410888671875
0.001739501953125
0.002532958984375
0.01007080078125
0.065093994140625
0.063568115234375
0.003326416015625
0.05072021484375
0.159271240234375
0.0223388671875
0.1383056640625
0.222625732421875
0.172149658203125
0.2877197265625
0.035736083984375
0.245574951171875
0.0899658203125
0.01800537109375
0.023406982421875
0.01287841796875
0.006500244140625
0.084320068359375
0.066314697265625
0.012725830078125
0.048370361328125
0.136810302734375
0.12628173828125
0.304229736328125
0.05816650390625
0.028839111328125
0.150238037109375
0.112457275390625
0.071807861328125
0.075653076171875
0.27716064453125
0.249847412109375
0.09564208984375
0.074798583984375
0.07061767578125
0.2861328125
0.27960205078125
0.36810302734375
0.595123291015625
0.498046875
0.3743896484375
0.333831787109375
0.00408935546875
0.197998046875
0.591400146484375
0.290740966796875
0.167755126953125
0.778472900390625
0.460113525390625
0.37750244140625
0.342926025390625
0.27996826171875
0.4000244140625
0.15277099609375
0.006500244140625
0.024749755859375
0.34307861328125
0.183746337890625
0.06463623046875
0.500823974609375
0.081787109375
0.07489013671875
0.193267822265625
0.131011962890625
0.21075439453125
0.144134521484375
0.151611328125
0.09796142578125
0.0516357421875
0.13531494140625
0.22467041015625
0.04400634765625
0.0108642578125
0.087799072265625
0.01739501953125
0.131805419921875
0.158782958984375
0.07861328125
0.063232421875
0.12646484375
0.082763671875
0.09619140625
0.0758056640625
0.07183837890625
0.11004638671875
0.10504150390625
0.1624755859375
0.170166015625
0.08782958984375
0.220550537109375
0.227142333984375
0.028045654296875
0.03314208984375
0.08917236328125
0.056793212890625
0.11773681640625
0.094970703125
0.051300048828125
0.0621337890625
0.070953369140625
0.01397705078125
0.008819580078125
0.120941162109375
0.132049560546875
0.508514404296875
0.1986083984375
0.254974365234375
0.16461181640625
0.2235107421875
0.024200439453125
0.020263671875
0.031402587890625
0.109619140625
0.14984130859375
0.015350341796875
0.143157958984375
0.125213623046875
0.206146240234375
0.01287841796875
0.033721923828125
0.055511474609375
0.0931396484375
0.2337646484375
0.215576171875
0.163330078125
0.265869140625
0.3385009765625
0.150421142578125
0.0823974609375
0.064910888671875
0.020843505859375
0.0224609375
0.014923095703125
0.156219482421875
0.114593505859375
0.289947509765625
0.04901123046875
0.00555419921875
0.03363037109375
0.0245361328125
0.050262451171875
0.087615966796875
0.080474853515625
0.1495361328125
0.158111572265625
0.052276611328125
0.07867431640625
0.107940673828125
0.08990478515625
0.211212158203125
0.31634521484375
0.24700927734375
0.135986328125
0.237640380859375
0.13519287109375
0.191253662109375
0.105194091796875
0.171478271484375
0.023895263671875
0.113372802734375
0.20074462890625
0.251373291015625
0.213043212890625
0.10137939453125
0.06768798828125
0.062896728515625
0.096588134765625
0.042755126953125
0.14691162109375
0.126739501953125
0.10784912109375
0.058197021484375
0.090301513671875
0.191314697265625
0.068817138671875
0.109710693359375
0.418701171875
0.207427978515625
0.463531494140625
0.276763916015625
0.187408447265625
0.073760986328125
0.113525390625
0.151397705078125
0.179595947265625
0.60675048828125
0.241546630859375
0.1143798828125
0.063568115234375
0.155242919921875
0.097625732421875
0.047607421875
0.054901123046875
0.0538330078125
0.0491943359375
0.32879638671875
0.174713134765625
0.214202880859375
0.118194580078125
0.16815185546875
0.170257568359375
0.227783203125
0.435546875
0.3724365234375
0.29241943359375
0.164520263671875
0.097625732421875
0.0455322265625
0.3155517578125
0.7301025390625
0.33538818359375
0.3966064453125
0.152099609375
0.24981689453125
0.2283935546875
0.09814453125
0.1160888671875
0.33428955078125
0.276641845703125
0.135955810546875
0.18548583984375
0.129608154296875
0.08917236328125
0.09442138671875
0.300933837890625
0.827972412109375
0.830657958984375
0.636993408203125
0.2855224609375
0.0538330078125
0.487457275390625
0.44854736328125
0.40167236328125
0.1591796875
0.184600830078125
0.04266357421875
0.075408935546875
0.172821044921875
0.1568603515625
0.129669189453125
0.101470947265625
0.099945068359375
0.110076904296875
0.208038330078125
0.139801025390625
0.0947265625
0.11859130859375
0.233245849609375
0.597015380859375
0.129608154296875
0.114959716796875
0.18011474609375
0.0511474609375
0.0618896484375
0.0582275390625
0.22125244140625
0.080322265625
0.63873291015625
0.288543701171875
0.365234375
0.434326171875
0.097869873046875
0.0330810546875
0.055694580078125
0.0245361328125
0.062957763671875
0.08135986328125
0.601318359375
